RowName,P(0),P(1),P(2),P(3),P(4),P(5),P(6),P(7),P(8),P(9),P(10),P(11),P(12),P(13),P(14),P(15),P(16),P(17),P(18),P(19),P(20),P(21),P(22),P(23),P(24),P(25),P(26),P(27),P(28),P(29),P(30),P(31),P(32),P(33),P(34),P(35),P(36),P(37),P(38),P(39),P(40),P(41),P(42),P(43),P(44),P(45),P(46),P(47),P(48),P(49),P(50),P(51),P(52),P(53),P(54),P(55),P(56),P(57),P(58),P(59),P(60),P(61),P(62),P(63),P(64),P(65),P(66),P(67),P(68),P(69),P(70),P(71),P(72),P(73),P(74),P(75),P(76),P(77),P(78),P(79),P(80),P(81),P(82),P(83),P(84),P(85),P(86),P(87),P(88),P(89),P(90),P(91),P(92),P(93),P(94),P(95),P(96),P(97),P(98),P(99),P(100)
Roll 0,1,0,0,0,0,0,0,0,0,0,0,0,0,0,0,0,0,0,0,0,0,0,0,0,0,0,0,0,0,0,0,0,0,0,0,0,0,0,0,0,0,0,0,0,0,0,0,0,0,0,0,0,0,0,0,0,0,0,0,0,0,0,0,0,0,0,0,0,0,0,0,0,0,0,0,0,0,0,0,0,0,0,0,0,0,0,0,0,0,0,0,0,0,0,0,0,0,0,0,0,0
Roll 1,0,0.166667,0.166667,0.166667,0.166667,0.166667,0.166667,0,0,0,0,0,0,0,0,0,0,0,0,0,0,0,0,0,0,0,0,0,0,0,0,0,0,0,0,0,0,0,0,0,0,0,0,0,0,0,0,0,0,0,0,0,0,0,0,0,0,0,0,0,0,0,0,0,0,0,0,0,0,0,0,0,0,0,0,0,0,0,0,0,0,0,0,0,0,0,0,0,0,0,0,0,0,0,0,0,0,0,0,0,0
Roll 2,0,0,0.0277778,0.0555556,0.0833333,0.111111,0.138889,0.222222,0.138889,0.111111,0.0833333,0,0.0277778,0,0,0,0,0,0,0,0,0,0,0,0,0,0,0,0,0,0,0,0,0,0,0,0,0,0,0,0,0,0,0,0,0,0,0,0,0,0,0,0,0,0,0,0,0,0,0,0,0,0,0,0,0,0,0,0,0,0,0,0,0,0,0,0,0,0,0,0,0,0,0,0,0,0,0,0,0,0,0,0,0,0,0,0,0,0,0,0
Roll 3,0,0,0,0.00462963,0.0138889,0.0277778,0.0462963,0.203704,0.106481,0.125,0.134259,0,0.115741,0.101852,0.0601852,0.037037,0.0185185,0.00462963,0,0,0,0,0,0,0,0,0,0,0,0,0,0,0,0,0,0,0,0,0,0,0,0,0,0,0,0,0,0,0,0,0,0,0,0,0,0,0,0,0,0,0,0,0,0,0,0,0,0,0,0,0,0,0,0,0,0,0,0,0,0,0,0,0,0,0,0,0,0,0,0,0,0,0,0,0,0,0,0,0,0,0
Roll 4,0,0,0,0,0.000771605,0.00308642,0.00771605,0.122685,0.0493827,0.0671296,0.0871914,0,0.102623,0.170525,0.0972222,0.0895062,0.0748457,0.0555556,0,0.037037,0.0200617,0.0100309,0.00385803,0.000771605,0,0,0,0,0,0,0,0,0,0,0,0,0,0,0,0,0,0,0,0,0,0,0,0,0,0,0,0,0,0,0,0,0,0,0,0,0,0,0,0,0,0,0,0,0,0,0,0,0,0,0,0,0,0,0,0,0,0,0,0,0,0,0,0,0,0,0,0,0,0,0,0,0,0,0,0,0
Roll 5,0,0,0,0,0,0.000128601,0.000643004,0.0581276,0.0223765,0.030607,0.0417953,0,0.0564558,0.169882,0.0794753,0.0874486,0.091178,0.0891204,0,0.0812757,0.0590278,0.0461677,0.0329218,0.0210905,0.0119599,0.0119599,0.00578704,0.00244342,0,0.000128601,0,0,0,0,0,0,0,0,0,0,0,0,0,0,0,0,0,0,0,0,0,0,0,0,0,0,0,0,0,0,0,0,0,0,0,0,0,0,0,0,0,0,0,0,0,0,0,0,0,0,0,0,0,0,0,0,0,0,0,0,0,0,0,0,0,0,0,0,0,0,0
Roll 6,0,0,0,0,0,0,2.14335e-05,0.0257416,0.00981653,0.013546,0.0186471,0,0.039952,0.130487,0.0535194,0.0630358,0.0725094,0.0807399,0,0.086184,0.0714163,0.0680084,0.0611283,0.0514189,0.0400806,0.0420739,0.0305213,0.0216478,0,0.00887346,0.0053798,0.00338649,0.00139318,0.00042867,2.14335e-05,2.14335e-05,0,0,0,0,0,0,0,0,0,0,0,0,0,0,0,0,0,0,0,0,0,0,0,0,0,0,0,0,0,0,0,0,0,0,0,0,0,0,0,0,0,0,0,0,0,0,0,0,0,0,0,0,0,0,0,0,0,0,0,0,0,0,0,0,0
Roll 7,0,0,0,0,0,0,0,0.011299,0.00429384,0.00592993,0.00818759,0,0.0524406,0.0913245,0.0354081,0.0426919,0.0509402,0.0599173,0,0.0667153,0.0593314,0.0623143,0.063143,0.0612462,0.0563593,0.0630394,0.0556877,0.0488719,0,0.0309571,0.0238662,0.0180827,0.0116348,0.00678012,0.00501543,0.00324717,0,0.0008752,0.000310785,7.85894e-05,7.14449e-06,3.57225e-06,0,0,0,0,0,0,0,0,0,0,0,0,0,0,0,0,0,0,0,0,0,0,0,0,0,0,0,0,0,0,0,0,0,0,0,0,0,0,0,0,0,0,0,0,0,0,0,0,0,0,0,0,0,0,0,0,0,0,0
Roll 8,0,0,0,0,0,0,0,0.00495173,0.00188317,0.00259881,0.00358713,0,0.0630097,0.0691456,0.0270294,0.0322151,0.0383421,0.0454675,0,0.0467137,0.0426121,0.0465994,0.0498697,0.0519035,0.052125,0.0615182,0.0609062,0.0602983,0,0.0475341,0.0424859,0.0370704,0.0295776,0.0222354,0.0266579,0.0160561,0,0.00746004,0.00459212,0.00270479,0.00158786,0.000753149,0.000212549,0.000212549,6.66819e-05,1.48844e-05,1.78612e-06,0,0,0,0,0,0,0,0,0,0,0,0,0,0,0,0,0,0,0,0,0,0,0,0,0,0,0,0,0,0,0,0,0,0,0,0,0,0,0,0,0,0,0,0,0,0,0,0,0,0,0,0,0,0
Roll 9,0,0,0,0,0,0,0,0.00217014,0.000825288,0.00113915,0.00157228,0,0.0582737,0.05854,0.0233707,0.0275618,0.0324978,0.0382903,0,0.0353666,0.031628,0.0342251,0.0366225,0.0385437,0.0396164,0.0483039,0.0509816,0.0538204,0,0.0477919,0.0470636,0.0454571,0.0413825,0.0361611,0.0588311,0.0342602,0,0.0219329,0.0169978,0.0128336,0.00957848,0.00540014,0.00284966,0.00288509,0.00167717,0.000922929,0.000474613,0,8.47416e-05,4.93168e-05,1.38921e-05,2.77841e-06,2.97687e-07,0,0,0,0,0,0,0,0,0,0,0,0,0,0,0,0,0,0,0,0,0,0,0,0,0,0,0,0,0,0,0,0,0,0,0,0,0,0,0,0,0,0,0,0,0,0,0,0
Roll 10,0,0,0,0,0,0,0,0.000951144,0.00036169,0.000499238,0.000689096,0,0.0455992,0.0504191,0.0200584,0.023816,0.0282197,0.033374,0,0.0300434,0.0261812,0.0275574,0.028668,0.0293554,0.0293977,0.0360004,0.0405249,0.0413822,0,0.0385443,0.0400857,0.0413269,0.0408524,0.0392526,0.0801686,0.0461146,0,0.0360153,0.0320946,0.0280305,0.0241426,0.0159338,0.0111238,0.0115988,0.00842413,0.00587069,0.00388558,0,0.00146824,0.00100742,0.000534795,0.000257582,0.000104224,2.51711e-05,2.51711e-05,1.10475e-05,2.82803e-06,5.12684e-07,4.96145e-08,0,0,0,0,0,0,0,0,0,0,0,0,0,0,0,0,0,0,0,0,0,0,0,0,0,0,0,0,0,0,0,0,0,0,0,0,0,0,0,0,0,0
Roll 11,0,0,0,0,0,0,0,0.000416861,0.000158524,0.000218806,0.000302012,0,0.0346383,0.0415978,0.0162614,0.0195442,0.0234303,0.0280187,0,0.0259812,0.0225853,0.0236057,0.0242293,0.024304,0.0236342,0.0285338,0.0389995,0.0319173,0,0.0294434,0.0309749,0.0327562,0.033644,0.0336986,0.0813105,0.0467051,0,0.0412859,0.0404006,0.038941,0.0370706,0.0277329,0.0227028,0.0245568,0.0204874,0.0165423,0.012849,0,0.00681717,0.0052079,0.00344268,0.00212779,0.00119227,0.000562044,0.00056624,0.000325728,0.000159665,7.10039e-05,2.8159e-05,1.07967e-05,6.60149e-06,2.4063e-06,5.65054e-07,9.37163e-08,8.26909e-09,0,0,0,0,0,0,0,0,0,0,0,0,0,0,0,0,0,0,0,0,0,0,0,0,0,0,0,0,0,0,0,0,0,0,0,0
Roll 12,0,0,0,0,0,0,0,0.0001827,6.94769e-05,9.58975e-05,0.000132365,0,0.0287857,0.0332042,0.0128192,0.0155031,0.0187239,0.0225787,0,0.0214754,0.0188726,0.0199266,0.0206035,0.0207367,0.0201176,0.0240566,0.0452939,0.0272178,0,0.0245648,0.0254214,0.0266448,0.0273486,0.026456,0.0699344,0.0403046,0,0.0380191,0.0394407,0.0405668,0.0414405,0.0340672,0.0309052,0.034689,0.0319008,0.0285819,0.0248488,0,0.0161897,0.0135421,0.0103173,0.0074765,0.00507409,0.0031313,0.00322497,0.00218315,0.00136946,0.000822289,0.000479492,0.000285473,0.000193599,0.000100326,4.64387e-05,1.99221e-05,8.10371e-06,3.41192e-06,1.61247e-06,5.12224e-07,1.11173e-07,1.69976e-08,1.37818e-09,0,0,0,0,0,0,0,0,0,0,0,0,0,0,0,0,0,0,0,0,0,0,0,0,0,0,0,0,0,0
Roll 13,0,0,0,0,0,0,0,8.00733e-05,3.04501e-05,4.20296e-05,5.80125e-05,0,0.0264178,0.0268135,0.0103813,0.0125062,0.0150741,0.0181727,0,0.0171382,0.0151834,0.0161923,0.0169295,0.0172428,0.0169358,0.0202887,0.0515511,0.0251225,0,0.0229038,0.0235418,0.0244258,0.0248571,0.0218662,0.0577576,0.033395,0,0.0317814,0.0336771,0.0356925,0.0380443,0.0332953,0.0322557,0.0374066,0.0368515,0.0355949,0.0335974,0,0.0251543,0.0227017,0.0191772,0.01558,0.0120624,0.00876661,0.0092885,0.00712771,0.00523455,0.00374325,0.00263421,0.00186844,0.00139414,0.000888911,0.000541773,0.00032127,0.000187542,0.000108977,6.19668e-05,2.99691e-05,1.33335e-05,5.61226e-06,2.29475e-06,9.44361e-07,3.75708e-07,1.06962e-07,2.15915e-08,3.06263e-09,2.29697e-10,0,0,0,0,0,0,0,0,0,0,0,0,0,0,0,0,0,0,0,0,0,0,0,0
Roll 14,0,0,0,0,0,0,0,3.50942e-05,1.33456e-05,1.84206e-05,2.54255e-05,0,0.0247135,0.0226657,0.00889363,0.0106188,0.0126964,0.0151988,0,0.0138246,0.0122121,0.0130124,0.0136268,0.013936,0.013781,0.0166037,0.0519623,0.02319,0,0.0218568,0.0228003,0.0239013,0.0245908,0.0201418,0.050573,0.0292254,0,0.0270503,0.0282762,0.0297462,0.0320506,0.028765,0.0287484,0.0341244,0.0350619,0.035591,0.0355747,0,0.0292844,0.0281008,0.02565,0.0227043,0.0193684,0.0157793,0.0172404,0.0145961,0.0120004,0.00967662,0.00770384,0.00613247,0.00498278,0.00366705,0.00262725,0.00184512,0.00127479,0.000867013,0.000573769,0.00035174,0.000208583,0.00012051,6.79001e-05,3.70256e-05,1.90201e-05,8.75495e-06,3.77793e-06,1.55927e-06,6.24406e-07,0,8.45923e-08,2.19743e-08,4.14731e-09,5.48721e-10,3.82828e-11,0,0,0,0,0,0,0,0,0,0,0,0,0,0,0,0,0,0
Roll 15,0,0,0,0,0,0,0,1.5381e-05,5.84904e-06,8.0733e-06,1.11434e-05,0,0.0221987,0.0199321,0.00790606,0.00938611,0.0111646,0.0132647,0,0.0116789,0.0102054,0.0107584,0.0111574,0.0113125,0.011102,0.0133988,0.0468396,0.020487,0,0.0199122,0.0212323,0.0227355,0.0239518,0.0193899,0.0474206,0.0273107,0,0.0247387,0.0252636,0.0258778,0.0274785,0.0243914,0.0243147,0.0291061,0.0302851,0.0314161,0.0323902,0,0.0281834,0.0282727,0.0272688,0.0257001,0.0235523,0.0208513,0.0234812,0.0214738,0.0192231,0.0169481,0.0147769,0.0128328,0.011225,0.00918203,0.00736053,0.00579834,0.00449308,0.00342158,0.002544,0.00180917,0.00125661,0.000853503,0.000566068,0.000364919,0.000226588,0.00013413,7.69655e-05,4.28314e-05,2.30063e-05,0,5.62278e-06,2.46686e-06,1.01136e-06,3.82399e-07,1.22611e-07,0,1.85502e-08,4.45144e-09,7.89051e-10,9.78339e-11,6.38047e-12,0,0,0,0,0,0,0,0,0,0,0,0
Roll 16,0,0,0,0,0,0,0,6.74112e-06,2.5635e-06,3.53834e-06,4.88389e-06,0,0.0190563,0.0176819,0.00702597,0.00834268,0.0100504,0.0117646,0,0.0102756,0.00890005,0.00928327,0.00951199,0.00951079,0.00918542,0.0110358,0.039973,0.0174281,0,0.01719,0.0186233,0.0203117,0.0218678,0.0180531,0.0448771,0.0257737,0,0.0234681,0.023802,0.0240222,0.0251019,0.0217782,0.0212917,0.0253441,0.026072,0.026909,0.027832,0,0.0245854,0.0252302,0.0250913,0.0245885,0.0236359,0.0221629,0.0256381,0.0248544,0.0237213,0.0223803,0.0209216,0.0194591,0.0181226,0.0160799,0.0140313,0.0120542,0.0101959,0.00848195,0.00691342,0.00546659,0.00423778,0.00322046,0.00239632,0.00174182,0.00123238,0.000846143,0.00056697,0.000370362,0.00023525,0,8.39201e-05,4.70926e-05,2.51488e-05,1.24898e-05,5.41495e-06,0,1.601e-06,6.66963e-07,2.56562e-07,8.81334e-08,2.44166e-08,3.98248e-09,3.98248e-09,8.90785e-10,0,1.73691e-11,1.06341e-12,0,0,0,0,0,0
Roll 17,0,0,0,0,0,0,0,2.95447e-06,1.12352e-06,1.55077e-06,2.14049e-06,0,0.0161105,0.0154993,0.00612486,0.00729543,0.00951744,0.0103595,0,0.00914426,0.00790988,0.00822222,0.00837899,0.00828925,0.00791362,0.00944452,0.0344424,0.01475,0,0.0145222,0.0158021,0.017375,0.018921,0.0159035,0.0409254,0.0234872,0,0.0218139,0.02234,0.0226914,0.0236572,0.0203613,0.0196954,0.023244,0.0235567,0.023935,0.0244162,0,0.0212415,0.0217904,0.0217714,0.021608,0.0212212,0.0205219,0.0242157,0.0243911,0.0243285,0.0241002,0.0237321,0.0232798,0.0228291,0.0215766,0.0201141,0.0184992,0.0167781,0.0149905,0.013161,0.0112928,0.0095239,0.00789165,0.00641935,0.00511942,0.00399607,0.00304923,0.00227915,0.00166741,0.00119233,0,0.000541851,0.000350441,0.000217266,0.000126962,6.73169e-05,0,2.9011e-05,1.52912e-05,7.55359e-06,3.40488e-06,1.33794e-06,4.39513e-07,4.40177e-07,1.74007e-07,0,2.02343e-08,5.54829e-09,1.47903e-09,8.15282e-10,1.51536e-10,3.07208e-12,0,1.77235e-13
Roll 18,0,0,0,0,0,0,0,1.29488e-06,4.92412e-07,6.79666e-07,9.38127e-07,0,0.0138711,0.0135042,0.0052691,0.00628972,0.0103893,0.00909125,0,0.00813277,0.00707359,0.00737109,0.00752556,0.00733582,0.00699077,0.0083097,0.0308945,0.0127818,0,0.0124733,0.0135121,0.0148269,0.0161486,0.0135617,0.035823,0.0205749,0,0.0194353,0.0201752,0.0209623,0.0218763,0.0189983,0.0184773,0.0217599,0.0219982,0.022201,0.0224083,0,0.0191412,0.0193989,0.0191566,0.0188591,0.0184712,0.0179387,0.0213591,0.0218548,0.0222882,0.0227144,0.0231298,0.0235483,0.0240079,0.0237768,0.0233077,0.0226053,0.0216718,0.0205128,0.0191313,0.0175199,0.015806,0.0140409,0.012273,0.0105465,0.00890135,0.00737386,0.00599994,0.0047947,0.00375511,0,0.0020307,0.001455,0.0010052,0.000661551,0.000404809,0,0.000217306,0.000131833,7.59746e-05,4.10225e-05,2.04296e-05,9.43311e-06,9.50636e-06,4.74455e-06,0,9.66085e-07,4.01978e-07,1.79913e-07,1.06908e-07,3.36806e-08,4.70474e-09,0,1.92913e-09
Roll 19,0,0,0,0,0,0,0,5.67513e-07,2.15813e-07,2.97881e-07,4.11159e-07,0,0.0123069,0.0120482,0.0045629,0.00544101,0.0133844,0.00822057,0,0.00742393,0.00652869,0.00682944,0.00700967,0.00653238,0.0062398,0.00740493,0.0284082,0.0114046,0,0.0110521,0.0119084,0.0129952,0.0140814,0.0116238,0.0308283,0.0177243,0,0.0168225,0.0175906,0.0191879,0.0194951,0.0171707,0.0169079,0.0199874,0.0203749,0.0206787,0.0208851,0,0.0178074,0.0179181,0.0175246,0.017051,0.016494,0.0158378,0.0188276,0.0191973,0.0196066,0.0201285,0.0207711,0.0215475,0.0224824,0.0229239,0.0232442,0.0234141,0.023396,0.023153,0.0226471,0.0218343,0.0207915,0.0195412,0.0181141,0.0165473,0.0148863,0.0131813,0.0114903,0.00988279,0.0083149,0,0.00513749,0.00399239,0.00300591,0.00217345,0.00148459,0,0.000926209,0.000623977,0.000403449,0.000248579,0.000145157,8.10943e-05,8.26665e-05,4.80332e-05,0,1.41894e-05,7.51328e-06,4.17535e-06,2.63315e-06,1.06657e-06,2.81427e-07,0,2.08725e-07
Roll 20,0,0,0,0,0,0,0,2.48728e-07,9.45856e-08,1.30554e-07,1.80201e-07,0,0.0111668,0.0113787,0.00405934,0.00481979,0.0181104,0.00795725,0,0.00727619,0.00650547,0.00683311,0.00706451,0.00600205,0.00572069,0.00676065,0.0260916,0.0104041,0,0.00999832,0.0107516,0.0116964,0.0126281,0.0102403,0.0268037,0.0154149,0,0.0145422,0.0151801,0.0183972,0.0170256,0.0151367,0.0150445,0.0178624,0.0183899,0.018854,0.0191024,0,0.0164723,0.0166223,0.0162774,0.0158023,0.0151977,0.0144659,0.0171055,0.0172755,0.0174887,0.0178357,0.0183486,0.0190615,0.0200131,0.0206222,0.0212433,0.0218496,0.0223972,0.0228347,0.0231023,0.0231297,0.0229481,0.0225393,0.0218988,0.0210135,0.0199126,0.0186191,0.0171769,0.0157949,0.014017,0,0.00962592,0.00800112,0.00646964,0.00505558,0.00377069,0,0.00263231,0.00193042,0.00136902,0.00093528,0.000614468,0.000391229,0.000404744,0.000264154,0,0.000100922,6.18568e-05,3.89161e-05,2.60963e-05,1.27574e-05,4.92962e-06,0,5.11487e-06
Roll 21,0,0,0,0,0,0,0,1.09011e-07,4.14546e-08,5.72189e-08,7.89779e-08,0,0.0103407,0.0114433,0.00375767,0.00443421,0.0229932,0.00825585,0,0.00772092,0.00703716,0.00744485,0.0077804,0.00593942,0.00561356,0.006567,0.0238794,0.00974544,0,0.00916318,0.00982922,0.0106677,0.0114903,0.00924641,0.0238083,0.0136864,0,0.0127972,0.0132715,0.019184,0.0150563,0.0134267,0.0133803,0.0158877,0.0164411,0.0169761,0.0170522,0,0.0148755,0.0151135,0.0149068,0.0145547,0.0140461,0.0133953,0.0158063,0.0159118,0.0160207,0.0162226,0.0165615,0.0170867,0.0178526,0.0183372,0.018895,0.0195208,0.0201897,0.0208645,0.0214934,0.0220082,0.0224261,0.0227103,0.0228661,0.0227422,0.0224386,0.021907,0.0211552,0.0208565,0.0190693,0,0.0142534,0.012539,0.0107693,0.00898476,0.00719488,0,0.00548716,0.00432156,0.00330977,0.00245967,0.00177295,0.00124692,0.00131212,0.000940861,0,0.000434979,0.000295919,0.000203818,0.000145099,8.19908e-05,4.00914e-05,0,5.40574e-05
Roll 22,0,0,0,0,0,0,0,4.77772e-08,1.81686e-08,2.50777e-08,3.46142e-08,0,0.00992092,0.0119276,0.0036307,0.00425697,0.0263575,0.00882817,0,0.0084807,0.0078603,0.00840688,0.00890865,0.00637319,0.00598712,0.00692272,0.0222577,0.00953744,0,0.00862414,0.00916143,0.00986404,0.0105475,0.00848265,0.0215209,0.0123675,0,0.0114832,0.0118381,0.0210919,0.0137912,0.0123326,0.0122893,0.0145193,0.0150344,0.0155627,0.0151947,0,0.0132896,0.0135388,0.0134097,0.013154,0.0127505,0.0122495,0.014482,0.0146371,0.0147702,0.0149558,0.0152338,0.0156531,0.0162683,0.0166093,0.0170135,0.0174926,0.0180423,0.018647,0.0192766,0.0198834,0.0204953,0.0210838,0.0218157,0.0220614,0.0223744,0.0225319,0.0225151,0.0241436,0.0219943,0,0.0175711,0.0162069,0.0146456,0.0129146,0.010936,0,0.00895689,0.00749585,0.00612628,0.00488302,0.00379551,0.00289185,0.00309967,0.00240383,0,0.00128875,0.000951305,0.000705133,0.000531283,0.000336779,0.000193634,0,0.000331936
Roll 23,0,0,0,0,0,0,0,2.09396e-08,7.96286e-09,1.0991e-08,1.51706e-08,0,0.00999783,0.0124738,0.00364144,0.00424655,0.0275595,0.00934895,0,0.00916683,0.00859234,0.00929727,0.00998892,0.00708078,0.00667162,0.00766948,0.0215653,0.00980938,0,0.00851303,0.00888819,0.00941724,0.00990746,0.00795576,0.0197706,0.0113668,0,0.0104638,0.0107336,0.0229944,0.0130503,0.011762,0.0117562,0.0138044,0.0143104,0.0148431,0.0139216,0,0.0121001,0.0122668,0.0121034,0.0118326,0.0114311,0.0110238,0.0130653,0.0132641,0.0134471,0.0136739,0.0139742,0.0143881,0.0149553,0.0152531,0.0155818,0.0159556,0.0163784,0.0168465,0.0173455,0.0178469,0.0183926,0.0189729,0.0202392,0.0202003,0.0207694,0.0212857,0.0217271,0.0259304,0.0225737,0,0.0189265,0.018126,0.0170718,0.0157603,0.0138887,0,0.0120457,0.01061,0.00915814,0.00773826,0.00639967,0.00520959,0.00569157,0.00471536,0,0.00284565,0.0022466,0.00177257,0.00140812,0.000980051,0.000635542,0,0.00137705
Roll 24,0,0,0,0,0,0,0,9.17733e-09,3.48993e-09,4.81708e-09,6.6489e-09,0,0.0104643,0.0128777,0.00374528,0.00435219,0.027141,0.00965319,0,0.00954504,0.00899388,0.00981903,0.0106608,0.00773238,0.00735436,0.00846629,0.0216163,0.0103789,0,0.00879943,0.00903814,0.00940757,0.00969886,0.00775589,0.0186646,0.0107421,0,0.00973631,0.00991073,0.0240107,0.0125549,0.0114348,0.0115007,0.01346,0.0140168,0.0146129,0.0132544,0,0.0114393,0.0114966,0.0112403,0.0108725,0.0103707,0.00995565,0.0117929,0.0119538,0.01212,0.012344,0.0126509,0.0130747,0.0136355,0.0139505,0.0142819,0.0146377,0.015018,0.0154187,0.0158285,0.0162268,0.0166591,0.0171276,0.0192786,0.0182739,0.0188329,0.0194035,0.0199767,0.0270178,0.021692,0,0.0187144,0.0184072,0.0178806,0.0171047,0.0154097,0,0.0139622,0.0128154,0.0115628,0.0102438,0.00890681,0.00765863,0.00852689,0.00746787,0,0.00495907,0.00414364,0.00345146,0.00287862,0.00216472,0.00154216,0,0.00422939
Roll 25,0,0,0,0,0,0,0,4.02221e-09,1.52956e-09,2.11121e-09,2.91406e-09,0,0.0110349,0.0131163,0.00389032,0.00451454,0.026106,0.0097634,0,0.00962823,0.00907279,0.00994756,0.0108587,0.00811199,0.00779186,0.00901758,0.0218844,0.0109415,0,0.00925805,0.00943589,0.00971652,0.0098734,0.00788715,0.0183345,0.0105608,0,0.00937817,0.00943296,0.0240544,0.0121774,0.0111591,0.0112746,0.0131913,0.013812,0.0144963,0.01293,0,0.0111408,0.0111306,0.0108033,0.0103406,0.00971718,0.00923657,0.0108958,0.0109548,0.011031,0.0111776,0.0114229,0.0118029,0.0123227,0.0126298,0.0129626,0.0133229,0.0137052,0.0140997,0.0144904,0.0148559,0.0152353,0.0156315,0.0192364,0.0167565,0.0172324,0.0177332,0.0182626,0.0278767,0.0204639,0,0.0178205,0.0178007,0.0176347,0.0172853,0.0156332,0,0.0145861,0.0137941,0.0128621,0.0118091,0.0106657,0.00958184,0.0108583,0.00995238,0,0.007134,0.00625321,0.00545935,0.00475815,0.00381678,0.00293292,0,0.0102381
Roll 26,0,0,0,0,0,0,0,1.76284e-09,6.70368e-10,9.25294e-10,1.27716e-09,0,0.0114343,0.0132434,0.0040252,0.00467358,0.0251469,0.00977701,0,0.0095651,0.00898376,0.0098475,0.010753,0.00821178,0.00793654,0.00923519,0.021944,0.0112687,0,0.00962456,0.00981557,0.0100896,0.0102061,0.00820423,0.0186632,0.0107509,0,0.00939539,0.00933899,0.023628,0.0119601,0.0109339,0.0110337,0.0129128,0.0135483,0.0142781,0.0126851,0,0.0109507,0.0109284,0.0105849,0.0100835,0.00939089,0.00885541,0.0103948,0.010354,0.0103247,0.0103627,0.0105022,0.0107864,0.0112142,0.011452,0.0117312,0.0120531,0.0124106,0.012791,0.0131738,0.0135351,0.0139061,0.0142849,0.0197287,0.0155915,0.0160343,0.0164913,0.0169709,0.0284303,0.0195163,0,0.0169281,0.0170261,0.0170374,0.0169327,0.0151675,0,0.0143624,0.0138233,0.0131556,0.0123601,0.0114474,0.0106195,0.0122165,0.0115952,0,0.00881121,0.00803202,0.00729662,0.00660954,0.00559285,0.00457025,0,0.0204678
Roll 27,0,0,0,0,0,0,0,7.7261e-10,2.93806e-10,4.05534e-10,5.5975e-10,0,0.0115582,0.0132891,0.00411296,0.00478382,0.0244019,0.0097539,0,0.00947768,0.00886463,0.00969106,0.0105534,0.0081544,0.00789352,0.00921628,0.0217266,0.0113213,0,0.00976603,0.0100015,0.0103147,0.0104571,0.00850074,0.0192783,0.0111005,0,0.00965233,0.00953663,0.0232408,0.0119627,0.0108456,0.0108761,0.012715,0.0133012,0.0140028,0.0124445,0,0.010743,0.0107292,0.0103984,0.00990455,0.00920544,0.00865641,0.0101323,0.0100397,0.00994394,0.00990056,0.00994709,0.0101323,0.0104541,0.0105907,0.0107737,0.0110081,0.0112898,0.0116079,0.011942,0.0122686,0.0126158,0.0129783,0.020169,0.01457,0.0150367,0.0155135,0.0160062,0.028416,0.0188745,0,0.0162405,0.0163895,0.0164786,0.0164897,0.0145734,0,0.0138487,0.013421,0.0128872,0.0122403,0.0114782,0.0108581,0.0126281,0.0122704,0,0.00970646,0.00911498,0.00854574,0.00799192,0.00705743,0.00605704,0,0.0350805
Roll 28,0,0,0,0,0,0,0,3.38617e-10,1.28768e-10,1.77736e-10,2.45325e-10,0,0.0114776,0.013243,0.00414122,0.00482671,0.0236935,0.009691,0,0.00939028,0.00875504,0.00954698,0.0103649,0.00805677,0.00779019,0.00910578,0.0214264,0.0112059,0,0.00971869,0.00998729,0.0103386,0.0105217,0.00864343,0.0197821,0.0113864,0,0.00994188,0.00983149,0.0230401,0.0121348,0.0109155,0.010873,0.0126857,0.0131961,0.0138236,0.0122839,0,0.0105566,0.0105344,0.0102034,0.00971965,0.00903661,0.00849677,0.0099395,0.00983772,0.0097228,0.00964705,0.00964639,0.00977,0.010016,0.0100696,0.0101615,0.0102997,0.0104843,0.0107081,0.0109541,0.011202,0.0114817,0.0117887,0.020196,0.0135969,0.0140906,0.0146064,0.0151472,0.0277726,0.0182852,0,0.0156411,0.0158418,0.0159878,0.0160665,0.0140788,0,0.013362,0.0129633,0.0124686,0.01187,0.0111618,0.0106459,0.0124556,0.0122522,0,0.00991251,0.00949021,0.00909635,0.00871095,0.00793825,0.00706942,0,0.0531967
Roll 29,0,0,0,0,0,0,0,1.48408e-10,5.64362e-11,7.78976e-11,1.0752e-10,0,0.011325,0.0130918,0.0041201,0.0048103,0.0228646,0.00956367,0,0.0092659,0.00862378,0.00939275,0.0101795,0.00795803,0.00768566,0.00898402,0.0212329,0.0110485,0,0.0095975,0.00987449,0.0102407,0.0104461,0.00862869,0.0199782,0.0114986,0,0.010112,0.0100459,0.0228669,0.0123303,0.0110558,0.0109773,0.0127894,0.0132468,0.0138075,0.0122714,0,0.0104771,0.0104243,0.0100658,0.00956699,0.00888301,0.00834179,0.00975792,0.00965506,0.00953895,0.00945884,0.00944674,0.00954837,0.00976058,0.00977332,0.00981197,0.00988508,0.00999386,0.0101335,0.0102899,0.0104462,0.010635,0.010855,0.0198061,0.0127218,0.0132032,0.013726,0.0142934,0.0267133,0.0175683,0,0.0149837,0.0152421,0.015448,0.0155881,0.0136371,0,0.012936,0.0125561,0.0120764,0.0114899,0.0107905,0.0103043,0.0120786,0.0119275,0,0.0097309,0.00940465,0.00912606,0.0088678,0.00824369,0.00752471,0,0.0733493
Roll 30,0,0,0,0,0,0,0,6.50436e-11,2.47346e-11,3.41407e-11,4.71236e-11,0,0.0111814,0.0128501,0.00406946,0.00475614,0.0219289,0.00936862,0,0.00907507,0.00843743,0.00918804,0.00995178,0.0078376,0.00756999,0.00885093,0.021162,0.0109055,0,0.00948485,0.0097581,0.0101229,0.0103323,0.00853455,0.0199091,0.011461,0,0.0101321,0.0101106,0.0225271,0.0124169,0.0111423,0.0110685,0.012898,0.0133443,0.0138777,0.0123678,0,0.0105154,0.010432,0.0100378,0.00950769,0.00880093,0.00823619,0.00962649,0.00950663,0.00937842,0.00929062,0.00927259,0.00936655,0.00956765,0.00956809,0.0095878,0.0096333,0.00970434,0.00979553,0.00989306,0.00998127,0.0100934,0.0102306,0.0192085,0.0120276,0.012459,0.0129446,0.0134912,0.0255454,0.016744,0,0.0142507,0.0145475,0.0148001,0.0149926,0.0131384,0,0.0124832,0.0121419,0.0116942,0.0111323,0.0104493,0.00997481,0.0116922,0.0115493,0,0.00943179,0.00913863,0.00890766,0.00871129,0.00817616,0.00756219,0,0.0941591
Roll 31,0,0,0,0,0,0,0,2.85071e-11,1.08406e-11,1.4963e-11,2.06532e-11,0,0.0110463,0.012556,0.00400525,0.00468349,0.0210115,0.00913099,0,0.00882886,0.00819969,0.00892769,0.00966634,0.00767016,0.00741499,0.00867665,0.0210891,0.0107601,0,0.00938766,0.0096622,0.0100269,0.0102389,0.00843395,0.0197251,0.011357,0,0.01006,0.0100615,0.0219794,0.0123566,0.0111079,0.0110548,0.0128996,0.0133606,0.0138995,0.012458,0,0.0105927,0.0105006,0.0100896,0.00953848,0.00881014,0.00821565,0.00958835,0.0094402,0.00928596,0.00917606,0.00913988,0.00921849,0.00940689,0.00939708,0.00940732,0.00944222,0.00949933,0.00957129,0.00964279,0.00969702,0.00976589,0.00985016,0.0186043,0.0115337,0.0119058,0.0123334,0.0128273,0.0244756,0.0159461,0,0.0135307,0.0138293,0.0140965,0.0143146,0.0125558,0,0.0119549,0.0116603,0.0112594,0.0107417,0.0100983,0.00965013,0.0113126,0.0111808,0,0.00913297,0.00884956,0.00863112,0.00845326,0.00795644,0.00739425,0,0.11476
Roll 32,0,0,0,0,0,0,0,1.2494e-11,4.75118e-12,6.55795e-12,9.05179e-12,0,0.0108795,0.0122466,0.00393372,0.00460126,0.0202188,0.00888375,0,0.00856454,0.00794335,0.00864242,0.00934979,0.00745893,0.00721546,0.00845129,0.0208893,0.0105742,0,0.00926849,0.00955474,0.00992928,0.0101543,0.00834595,0.0195323,0.0112458,0,0.00996363,0.00996915,0.0213274,0.0121972,0.0109691,0.0109276,0.01277,0.0132433,0.0137932,0.0124465,0,0.0106121,0.0105351,0.0101352,0.00959005,0.00886321,0.00825524,0.00962452,0.00945712,0.0092804,0.00914646,0.00908606,0.00914102,0.00930816,0.00927791,0.00927073,0.00929095,0.00933531,0.00939522,0.00945402,0.00949334,0.00954333,0.00960309,0.018074,0.0111886,0.0115157,0.0118928,0.0123322,0.0235496,0.01528,0,0.0129147,0.0131855,0.0134348,0.0136464,0.0119529,0,0.0113878,0.0111252,0.0107637,0.0102908,0.00969533,0.00928575,0.0108941,0.0107871,0,0.00883059,0.00856247,0.00835434,0.0081845,0.00770795,0.00717056,0,0.134804
Roll 33,0,0,0,0,0,0,0,5.47582e-12,2.08233e-12,2.87419e-12,3.96719e-12,0,0.0106565,0.0119405,0.00385436,0.00450998,0.01957,0.00864666,0,0.00831403,0.00770035,0.00836862,0.00904214,0.00723064,0.00699317,0.00819575,0.0205352,0.0103345,0,0.00909819,0.00939978,0.00978967,0.010036,0.00824683,0.0193358,0.0111308,0,0.00986793,0.00987366,0.0206985,0.0120064,0.0107839,0.0107377,0.012559,0.0130267,0.0135724,0.0123167,0,0.0105301,0.0104775,0.010105,0.00958701,0.00888649,0.00828927,0.00966515,0.00950055,0.0093209,0.00917842,0.00910449,0.00914163,0.00928926,0.00923654,0.00920667,0.00920506,0.00922914,0.00927068,0.00931305,0.00933736,0.00937326,0.0094187,0.0176058,0.0109272,0.0112261,0.0115697,0.0119696,0.0227205,0.0147588,0,0.0124284,0.0126616,0.012877,0.0130608,0.0114102,0,0.0108557,0.0106012,0.0102578,0.00981265,0.00925339,0.00887714,0.0104248,0.0103425,0,0.00849218,0.00824881,0.00806,0.00790476,0.00745316,0.00693998,0,0.154223
Roll 34,0,0,0,0,0,0,0,2.39992e-12,9.12636e-13,1.25969e-12,1.73872e-12,0,0.0103886,0.0116391,0.00376617,0.00440857,0.0190222,0.0084219,0,0.00808693,0.00748251,0.0081235,0.00876661,0.00701197,0.00677596,0.00794149,0.0200879,0.0100609,0,0.00888154,0.0091928,0.0095939,0.00985956,0.0081097,0.0190849,0.0109844,0,0.00975653,0.00976957,0.0201488,0.0118178,0.0105962,0.0105384,0.012328,0.0127765,0.013302,0.0121144,0,0.0103688,0.0103342,0.00998725,0.0095003,0.00883606,0.00826436,0.0096459,0.00950174,0.00933892,0.00920823,0.00914013,0.00917646,0.00931852,0.00925588,0.00921187,0.00919284,0.00919728,0.00921805,0.00923956,0.00924352,0.00926032,0.00928809,0.0171735,0.0107198,0.0109959,0.0113147,0.0116868,0.0219475,0.0143365,0,0.0120408,0.0122412,0.0124231,0.0125744,0.0109644,0,0.0104063,0.0101442,0.00980082,0.00936429,0.00882294,0.00846347,0.00994299,0.00987117,0,0.0081184,0.00789833,0.00773089,0.0075947,0.0071747,0.00669315,0,0.172989
Roll 35,0,0,0,0,0,0,0,1.05183e-12,3.99987e-13,5.52093e-13,7.62041e-13,0,0.0101075,0.0113392,0.00367128,0.00429897,0.0185339,0.0082041,0,0.00787632,0.00728429,0.00790368,0.00852284,0.00681357,0.00657859,0.00770791,0.0196263,0.00978457,0,0.00864637,0.00895796,0.00936077,0.00963617,0.00793145,0.0187438,0.0107871,0,0.00960541,0.00963251,0.0196582,0.011624,0.0104129,0.0103482,0.0121046,0.0125331,0.0130343,0.0118932,0,0.0101766,0.0101483,0.00981597,0.0093511,0.00871747,0.00817109,0.00954849,0.00942801,0.00928927,0.00918121,0.00913254,0.00918321,0.00933523,0.00928067,0.00923969,0.00921852,0.00921595,0.00922548,0.00923241,0.00921925,0.00921719,0.00922526,0.0167762,0.0105705,0.0108208,0.0111135,0.0114587,0.0212407,0.013973,0,0.0117136,0.0118877,0.0120421,0.0121648,0.0106027,0,0.0100406,0.00976824,0.00941874,0.00898169,0.00844668,0.00808976,0.00950034,0.00942312,0,0.00774414,0.00753649,0.00738239,0.0072603,0.00686892,0.00641951,0,0.19104
Roll 36,0,0,0,0,0,0,0,4.60992e-13,1.75305e-13,2.41969e-13,3.33985e-13,0,0.00983896,0.0110437,0.00357444,0.00418632,0.018099,0.0079918,0,0.00767458,0.00709743,0.0076996,0.00830039,0.00663187,0.00640012,0.00749655,0.0191895,0.00952548,0,0.00841848,0.00872395,0.00912051,0.00939599,0.00773097,0.018325,0.0105461,0,0.00940987,0.00945065,0.0191852,0.0114045,0.0102179,0.0101555,0.0118802,0.0122967,0.0127802,0.0116762,0,0.00998555,0.00995695,0.00963091,0.00917804,0.00856418,0.0080349,0.00939675,0.00929207,0.00917202,0.00908424,0.00905593,0.0091251,0.00929379,0.00925825,0.00923369,0.00922543,0.00923164,0.00924554,0.00925259,0.00923545,0.00922521,0.00922146,0.0164245,0.0104826,0.0107068,0.0109715,0.0112872,0.0206376,0.0136634,0,0.0114345,0.0115833,0.0117123,0.0118095,0.0102969,0,0.00973515,0.00945633,0.00910308,0.00866585,0.00813533,0.007776,0.00912429,0.00903424,0,0.00740693,0.00720068,0.00704898,0.00693108,0.00655774,0.00613204,0,0.208316
Roll 37,0,0,0,0,0,0,0,2.02042e-13,7.68319e-14,1.06049e-13,1.46378e-13,0,0.00959065,0.0107622,0.00348045,0.00407619,0.0177321,0.00779042,0,0.00748256,0.00692103,0.0075082,0.00809374,0.00646063,0.00623398,0.00730067,0.0187721,0.00928634,0,0.00820725,0.00850502,0.00889233,0.00916299,0.00753073,0.0178721,0.0102858,0,0.00918642,0.00923465,0.0187165,0.0111528,0.00999938,0.00994468,0.0116373,0.012049,0.0125233,0.0114558,0,0.00979812,0.0097698,0.00944926,0.00900496,0.00840461,0.00788594,0.00922509,0.00912695,0.00901614,0.00893966,0.00892403,0.00900598,0.00918768,0.00917052,0.00916489,0.00917516,0.0091987,0.00922798,0.00924806,0.00924119,0.00923739,0.00923598,0.0161149,0.0104341,0.0106403,0.0108827,0.011172,0.0201555,0.0134184,0,0.0112111,0.0113324,0.0114343,0.0115052,0.0100338,0,0.00947274,0.00918952,0.00883503,0.00840016,0.00787622,0.00751596,0.00881196,0.00871015,0,0.00712262,0.0069128,0.00675702,0.00663585,0.00627032,0.00585757,0,0.224813
Roll 38,0,0,0,0,0,0,0,8.85501e-14,3.36736e-14,4.6479e-14,6.41538e-14,0,0.00935791,0.0105038,0.00339214,0.00397222,0.0174354,0.00760693,0,0.00730689,0.00676029,0.00733372,0.00790572,0.00629932,0.00607769,0.00711669,0.0183546,0.00906155,0,0.00800895,0.00830006,0.00867856,0.00894384,0.00734232,0.0174245,0.0100284,0,0.00895732,0.00900634,0.0182711,0.0108826,0.0097627,0.00971496,0.0113724,0.0117809,0.0122499,0.0112177,0,0.00960168,0.00957725,0.00926601,0.00883272,0.00824632,0.00773779,0.00905211,0.00895661,0.00884947,0.00877728,0.0087664,0.00885297,0.00903964,0.00903341,0.00904067,0.00906546,0.00910471,0.00915049,0.00918749,0.00919755,0.00920933,0.00922141,0.0158242,0.0103842,0.0105853,0.0108173,0.0110909,0.0197716,0.0132333,0,0.0110448,0.0111399,0.0112149,0.0112586,0.00981689,0,0.0092528,0.00896307,0.00860593,0.00817272,0.00765522,0.00729561,0.00854827,0.00843814,0,0.00688574,0.00667282,0.00651225,0.00638576,0.00602307,0.00561644,0,0.240597
Roll 39,0,0,0,0,0,0,0,3.88094e-14,1.47584e-14,2.03706e-14,2.81171e-14,0,0.00913593,0.0102711,0.00331028,0.00387564,0.0171848,0.00744358,0,0.00715175,0.00661894,0.00718029,0.00774054,0.00615226,0.00593432,0.00694727,0.017932,0.00884796,0,0.00781831,0.00810325,0.00847364,0.00873396,0.00716549,0.0169986,0.00978305,0,0.00873628,0.00878274,0.0178723,0.0106146,0.00952429,0.00948,0.0110992,0.0115017,0.0119641,0.0109606,0,0.00938932,0.00937044,0.00907125,0.0086521,0.00808256,0.00758733,0.00887696,0.00878537,0.00868193,0.0086125,0.00860326,0.00868994,0.00887581,0.00887373,0.00888653,0.0089184,0.00896642,0.00902281,0.0090724,0.00909704,0.0091244,0.00915251,0.0155278,0.0102984,0.010504,0.010737,0.011007,0.0194399,0.0130789,0,0.0109164,0.010993,0.0110468,0.0110674,0.00964859,0,0.00907919,0.00878052,0.00841771,0.00798288,0.00746857,0.00710829,0.00832422,0.0082068,0,0.00668499,0.0064705,0.00630676,0.0061762,0.00581578,0.00541327,0,0.255769
Roll 40,0,0,0,0,0,0,0,1.70093e-14,6.46824e-15,8.92796e-15,1.23231e-14,0,0.00892573,0.0100595,0.0032345,0.00378621,0.016943,0.00729628,0,0.00701422,0.00649434,0.00704578,0.00759656,0.00602252,0.0058073,0.00679635,0.0175172,0.00864778,0,0.00763564,0.00791331,0.0082748,0.0085292,0.00699619,0.0165921,0.00954887,0,0.00852579,0.00856956,0.017523,0.0103622,0.00929817,0.00925505,0.010835,0.0112289,0.011682,0.0106973,0,0.00916759,0.00915247,0.00886435,0.00845928,0.00790728,0.00742761,0.00869217,0.00860677,0.00850926,0.00844438,0.00843778,0.00852456,0.00870833,0.00870814,0.00872286,0.00875696,0.00880794,0.00886847,0.00892395,0.00895671,0.00899393,0.00903358,0.0152172,0.0101662,0.0103788,0.0106174,0.0108907,0.0191225,0.012919,0,0.0107945,0.0108632,0.0109059,0.0109125,0.00951708,0,0.00894536,0.00863916,0.00827041,0.00783224,0.00731815,0.00695481,0.00813953,0.0080137,0,0.00651513,0.00629881,0.00613247,0.00599888,0.00564088,0.00524237,0,0.270426
Roll 41,0,0,0,0,0,0,0,7.45475e-15,2.83488e-15,3.91292e-15,5.40091e-15,0,0.00873129,0.00986183,0.00316421,0.00370329,0.0166834,0.00715817,0,0.00688659,0.00637904,0.00692235,0.00746561,0.00590786,0.00569557,0.00666345,0.0171265,0.00846429,0,0.0074652,0.00773405,0.00808505,0.00833146,0.00683345,0.0162006,0.00932354,0,0.00832353,0.00836536,0.0172043,0.0101266,0.00908824,0.00904645,0.010589,0.0109738,0.0114171,0.0104436,0,0.00894971,0.00893514,0.00865471,0.00826062,0.0077235,0.0072585,0.00849643,0.00841719,0.00832625,0.00826706,0.00826458,0.00835299,0.00853582,0.00853851,0.00855541,0.00859101,0.0086431,0.0087048,0.00876212,0.00879805,0.00883948,0.00888466,0.0149022,0.00999897,0.0102153,0.0104577,0.0107345,0.0188054,0.0127321,0,0.0106547,0.010724,0.010765,0.0107675,0.00939918,0,0.00883218,0.008524,0.00815332,0.00771408,0.00720071,0.00683422,0.00799336,0.00785905,0,0.00637641,0.00615689,0.005987,0.00584994,0.00549317,0.00509769,0,0.284648
Roll 42,0,0,0,0,0,0,0,3.26724e-15,1.24246e-15,1.71494e-15,2.36709e-15,0,0.00855389,0.00967225,0.00309885,0.00362622,0.0164008,0.00702401,0,0.00676182,0.00626595,0.00680175,0.00733826,0.00580196,0.00559358,0.00654284,0.0167653,0.0082969,0,0.00730962,0.00756918,0.00790892,0.00814586,0.00668001,0.0158262,0.0091083,0,0.00812902,0.00816876,0.0168928,0.00990288,0.00889054,0.00885133,0.0103591,0.0107366,0.0111714,0.0102069,0,0.00874498,0.00872885,0.00845322,0.00806669,0.00754062,0.00708728,0.00829703,0.00822148,0.00813516,0.00808042,0.00808149,0.00817167,0.00835408,0.00836065,0.00838087,0.00841906,0.00847305,0.00853614,0.00859478,0.00863249,0.00867575,0.00872309,0.0145989,0.00981522,0.0100309,0.0102731,0.0105497,0.0184913,0.012519,0,0.0104908,0.0105641,0.0106085,0.0106136,0.0092739,0,0.00871841,0.00841465,0.00804798,0.0076127,0.00710379,0.00673738,0.00787642,0.00773661,0,0.0062669,0.00604396,0.00586999,0.00572878,0.00537155,0.00497723,0,0.298505
Roll 43,0,0,0,0,0,0,0,1.43196e-15,5.4454e-16,7.51617e-16,1.03744e-15,0,0.00838981,0.00948832,0.00303769,0.00355417,0.0161051,0.006892,0,0.00663702,0.00615195,0.0066798,0.00720905,0.00569863,0.00549496,0.00642722,0.0164267,0.00814062,0,0.00716677,0.00741804,0.00774731,0.00797499,0.00653841,0.0154753,0.00890664,0,0.00794489,0.00798157,0.0165772,0.00968752,0.0087003,0.00866401,0.0101392,0.0105109,0.0109389,0.00998531,0,0.00855421,0.00853649,0.00826479,0.00788421,0.00736677,0.00692239,0.00810361,0.00802895,0.00794439,0.00789138,0.00789366,0.00798381,0.00816454,0.00817405,0.00819724,0.0082382,0.00829464,0.0083599,0.00842064,0.00846076,0.00850607,0.00855521,0.0143156,0.00962686,0.00984004,0.0100794,0.0103528,0.0181843,0.0122932,0,0.0103107,0.0103873,0.0104358,0.0104456,0.00913266,0,0.00859181,0.0082964,0.00793816,0.00751142,0.00701127,0.00664959,0.00777249,0.00763215,0,0.00617782,0.00595352,0.00577688,0.00563231,0.00527437,0.0048802,0,0.312062
Roll 44,0,0,0,0,0,0,0,6.27592e-16,2.38659e-16,3.29416e-16,4.54685e-16,0,0.00823286,0.00930948,0.00297969,0.00348597,0.0158078,0.00676251,0,0.00651288,0.00603766,0.0065567,0.00707764,0.00559497,0.00539607,0.0063119,0.0161,0.00798939,0,0.00703135,0.00727604,0.00759656,0.00781657,0.00640796,0.015151,0.00872015,0,0.00777378,0.00780671,0.0162598,0.00948094,0.0085163,0.00848191,0.00992591,0.0102916,0.0107132,0.00977347,0,0.00837305,0.00835476,0.00808763,0.00771328,0.00720417,0.00676774,0.00792148,0.00784638,0.00776179,0.00770839,0.00770958,0.0077974,0.0079743,0.00798446,0.00800864,0.00805078,0.00810858,0.00817541,0.00823809,0.00828078,0.00832856,0.00838003,0.0140487,0.00943637,0.00964753,0.00988409,0.0101539,0.0178808,0.0120665,0,0.010125,0.0102034,0.0102547,0.0102686,0.00897878,0,0.00845202,0.00816554,0.00781706,0.00740078,0.00691174,0.00655818,0.00766644,0.00752989,0,0.00609615,0.00587389,0.00569759,0.00555214,0.00519545,0.00480248,0,0.325379
Roll 45,0,0,0,0,0,0,0,2.75059e-16,1.04599e-16,1.44375e-16,1.99278e-16,0,0.00807834,0.00913519,0.00292372,0.00342034,0.0155129,0.00663596,0,0.0063909,0.0059248,0.00643446,0.00694625,0.00549123,0.00529664,0.00619599,0.0157796,0.00783955,0,0.00689873,0.00713813,0.00745146,0.00766556,0.00628499,0.0148495,0.00854659,0,0.00761538,0.00764492,0.0159483,0.00928525,0.00834024,0.00830626,0.00971991,0.0100786,0.0104928,0.00956832,0,0.00819769,0.00817955,0.00791769,0.00755035,0.00705037,0.00662215,0.00775011,0.00767484,0.00759011,0.00753581,0.00753499,0.00761923,0.00779083,0.00779964,0.00782265,0.00786379,0.00792086,0.00798736,0.00805036,0.00809433,0.00814372,0.00819704,0.0137882,0.00924193,0.00945209,0.009687,0.00995422,0.0175724,0.0118419,0,0.0099388,0.0100184,0.0100716,0.0100884,0.00881969,0,0.00830507,0.00802625,0.0076866,0.00728033,0.00680236,0.00645786,0.00755089,0.00741996,0,0.00601117,0.00579373,0.00562076,0.00547733,0.00512494,0.00473587,0,0.338499
Roll 46,0,0,0,0,0,0,0,1.20552e-16,4.58431e-17,6.32763e-17,8.73388e-17,0,0.00792487,0.00896413,0.00286892,0.00335621,0.0152179,0.00651174,0,0.00627135,0.00581397,0.00631415,0.0068165,0.00538873,0.00519794,0.00608072,0.0154659,0.00769069,0,0.00676716,0.00700175,0.00730866,0.0075179,0.00616557,0.0145625,0.00838139,0,0.00746634,0.00749366,0.0156464,0.00910078,0.00817341,0.00813902,0.0095234,0.00987416,0.0102798,0.0093705,0,0.00802764,0.00800955,0.00775282,0.00739267,0.00690226,0.00648261,0.0075863,0.0075117,0.00742758,0.00737299,0.00737056,0.00745133,0.00761751,0.0076243,0.0076451,0.00768386,0.00773852,0.00780283,0.00786419,0.00790744,0.00795656,0.00801007,0.0135262,0.0090435,0.0092526,0.00948622,0.00975166,0.0172531,0.011616,0,0.00975128,0.0098324,0.00988762,0.00990719,0.00865985,0,0.00815615,0.00788386,0.00755183,0.00715434,0.00668632,0.0063501,0.00742641,0.00730071,0,0.00591857,0.00570704,0.00553893,0.00539942,0.00505382,0.00467132,0,0.35144
Roll 47,0,0,0,0,0,0,0,5.2835e-17,2.0092e-17,2.77325e-17,3.82785e-17,0,0.00777342,0.00879477,0.00281483,0.00329299,0.0149195,0.00638867,0,0.00615314,0.00570435,0.00619519,0.00668818,0.00528795,0.00510078,0.00596711,0.015162,0.00754399,0,0.00663733,0.00686707,0.00716771,0.00737236,0.00604769,0.0142831,0.00822059,0,0.00732267,0.00734895,0.0153513,0.00892505,0.00801476,0.0079801,0.0093366,0.00967944,0.0100762,0.00918176,0,0.00786448,0.00784591,0.0075936,0.00724005,0.00675886,0.00634749,0.00742792,0.00735437,0.00727139,0.00721719,0.00721391,0.00729196,0.00745341,0.00745861,0.00747738,0.00751363,0.00756545,0.00762677,0.00768536,0.00772647,0.00777366,0.00782557,0.0132615,0.00884456,0.00905133,0.00928274,0.00954586,0.0169233,0.0113856,0,0.00955992,0.00964304,0.00970073,0.00972339,0.00849908,0,0.00800639,0.00774053,0.00741578,0.00702648,0.00656767,0.00623875,0.0072971,0.00717548,0,0.00581965,0.00561369,0.00545047,0.00531528,0.00497745,0.00460296,0,0.3642
Roll 48,0,0,0,0,0,0,0,2.31563e-17,8.80583e-18,1.21545e-17,1.67766e-17,0,0.00762501,0.00862627,0.00276136,0.0032305,0.0146182,0.00626592,0,0.00603513,0.00559486,0.00607645,0.00656015,0.00518825,0.0050048,0.00585493,0.0148687,0.00740021,0,0.00651031,0.00673521,0.00702959,0.00722969,0.00593141,0.0140085,0.00806255,0,0.00718192,0.00720774,0.0150582,0.00875444,0.00786143,0.00782712,0.00915714,0.00949279,0.00988121,0.00900202,0,0.00770902,0.00768974,0.0074413,0.00709366,0.00662097,0.00621715,0.00727507,0.00720231,0.00712038,0.00706668,0.00706287,0.00713871,0.00729612,0.00730037,0.00731775,0.00735208,0.00740148,0.00746007,0.00751588,0.00755453,0.00759918,0.00764856,0.0129971,0.00864988,0.00885284,0.00908051,0.00933989,0.0165888,0.0111515,0,0.0093648,0.00944957,0.00950962,0.00953543,0.00833544,0,0.00785436,0.00759544,0.00727835,0.00689753,0.00644804,0.00612614,0.00716593,0.00704772,0,0.00571758,0.00551644,0.00535744,0.00522606,0.00489576,0.00452942,0,0.376764
Roll 49,0,0,0,0,0,0,0,1.01489e-17,3.85939e-18,5.32703e-18,7.35278e-18,0,0.00747951,0.00845872,0.00270855,0.00316877,0.0143178,0.00614356,0,0.00591705,0.00548519,0.00595744,0.00643176,0.00508875,0.00490914,0.00574327,0.0145835,0.00725889,0,0.00638615,0.0066065,0.0068949,0.00709068,0.0058175,0.0137389,0.00790745,0,0.00704362,0.007069,0.0147645,0.00858648,0.00771081,0.00767729,0.00898181,0.00931101,0.00969186,0.00882902,0,0.00756005,0.00754036,0.0072958,0.00695388,0.00648929,0.00609245,0.00712864,0.00705631,0.00697507,0.00692159,0.00691709,0.00699074,0.00714434,0.00714785,0.00716419,0.00719708,0.00724465,0.00730109,0.00735465,0.00739127,0.00743363,0.00748054,0.0127371,0.00846256,0.00866086,0.00888369,0.00913802,0.0162554,0.0109182,0,0.00916893,0.00925426,0.00931577,0.00934406,0.0081685,0,0.00769914,0.0074474,0.00713838,0.0067665,0.00632685,0.00601229,0.00703331,0.00691857,0,0.00561423,0.00541757,0.0052623,0.00513419,0.00481087,0.00445222,0,0.38912
Roll 50,0,0,0,0,0,0,0,4.44801e-18,1.69148e-18,2.33471e-18,3.22255e-18,0,0.00733589,0.00829273,0.00265637,0.0031078,0.0140224,0.00602222,0,0.00579956,0.00537595,0.00583872,0.0063035,0.00498917,0.00481337,0.00563156,0.0143029,0.00711898,0,0.00626393,0.00648016,0.00676306,0.00695499,0.00570619,0.0134753,0.00775576,0,0.00690823,0.00693302,0.0144713,0.00842057,0.00756184,0.00752907,0.00880861,0.00913165,0.00950532,0.00865988,0,0.00741517,0.00739563,0.00715538,0.00681952,0.00636319,0.00597323,0.00698864,0.00691674,0.00683606,0.00678261,0.00677723,0.00684853,0.00699824,0.00700086,0.00701611,0.00704763,0.00709355,0.00714814,0.00719987,0.00723492,0.00727549,0.00732039,0.0124829,0.00828304,0.00847662,0.00869432,0.00894306,0.0159264,0.0106896,0,0.00897603,0.00906071,0.00912247,0.00915209,0.0080002,0,0.00754192,0.00729695,0.00699581,0.00663291,0.00620332,0.00589638,0.00689843,0.00678746,0,0.00550959,0.00531754,0.005166,0.005041,0.00472448,0.00437319,0,0.401262
Roll 51,0,0,0,0,0,0,0,1.94946e-18,7.41335e-19,1.02325e-18,1.41237e-18,0,0.00719324,0.00812888,0.00260477,0.0030475,0.0137343,0.00590253,0,0.00568358,0.00526806,0.00572132,0.00617647,0.00488999,0.00471782,0.00552005,0.0140248,0.00697987,0,0.00614266,0.00635512,0.00663292,0.0068215,0.00559685,0.0132173,0.00760727,0,0.00677588,0.00680007,0.0141817,0.00825727,0.00741482,0.0073825,0.00863734,0.00895407,0.00932051,0.00849284,0,0.00727242,0.00725344,0.00701794,0.00668856,0.00624093,0.00585815,0.00685368,0.0067826,0.00670278,0.00664956,0.00664341,0.00671242,0.0068583,0.0068599,0.00687392,0.00690393,0.0069481,0.00700082,0.00705076,0.00708436,0.00712337,0.0071666,0.012234,0.00811028,0.00829943,0.00851222,0.00875545,0.0156024,0.0104677,0,0.00878834,0.00887157,0.00893264,0.00896254,0.00783348,0,0.00738525,0.00714623,0.00685227,0.00649783,0.00607797,0.00577849,0.00676122,0.00665397,0,0.00540308,0.00521586,0.00506823,0.0049465,0.00463693,0.0042931,0,0.413185
Roll 52,0,0,0,0,0,0,0,8.54401e-19,3.2491e-19,4.48466e-19,6.19007e-19,0,0.0070515,0.00796741,0.00255369,0.00298782,0.0134537,0.00578478,0,0.00556967,0.00516212,0.005606,0.00605163,0.00479199,0.00462324,0.00540954,0.0137493,0.00684174,0,0.00602208,0.00623086,0.00650374,0.00668922,0.00548868,0.0129633,0.00746106,0,0.00664597,0.0066698,0.0138977,0.00809703,0.00727036,0.00723828,0.0084687,0.00877894,0.00913794,0.00832775,0,0.00713121,0.00711286,0.00688221,0.00655953,0.00612087,0.00574555,0.00672191,0.00665212,0.00657364,0.00652112,0.00651462,0.0065817,0.00672408,0.00672484,0.00673773,0.00676625,0.00680865,0.00685943,0.0069075,0.00693957,0.00697698,0.00701856,0.0119896,0.00794332,0.00812823,0.00833634,0.00857432,0.0152833,0.0102523,0,0.00860621,0.0086877,0.00874759,0.00877712,0.00767047,0,0.00723143,0.00699758,0.00671002,0.0063633,0.00595251,0.00565992,0.00662301,0.006519,0,0.00529491,0.00511245,0.00496877,0.00485039,0.00454794,0.00421177,0,0.424886
Roll 53,0,0,0,0,0,0,0,3.74464e-19,1.424e-19,1.96552e-19,2.71296e-19,0,0.00691124,0.00780839,0.00250315,0.00292877,0.0131797,0.00566901,0,0.00545789,0.00505827,0.00549301,0.00592937,0.0046957,0.00453023,0.00530077,0.0134777,0.00670528,0,0.00590263,0.00610765,0.00637559,0.00655795,0.00538128,0.0127119,0.00731632,0,0.00651767,0.00654138,0.0136197,0.00793964,0.00712859,0.0070968,0.00830318,0.00860697,0.0089585,0.00816521,0,0.00699194,0.00697409,0.00674812,0.006432,0.00600226,0.00563445,0.00659204,0.00652382,0.00644703,0.0063956,0.0063892,0.00645482,0.00659418,0.00659454,0.00660667,0.00663401,0.00667487,0.00672387,0.00677016,0.00680073,0.00683652,0.0068764,0.0117495,0.00778194,0.00796259,0.00816605,0.00839884,0.0149697,0.0100425,0,0.00842908,0.00850875,0.00856731,0.00859618,0.00751182,0,0.00708151,0.00685238,0.0065707,0.0062311,0.0058288,0.00554247,0.00648579,0.00638439,0,0.00518629,0.00500823,0.00486822,0.00475302,0.00445759,0.00412908,0,0.436361
Roll 54,0,0,0,0,0,0,0,1.64119e-19,6.24107e-20,8.6144e-20,1.18903e-19,0,0.00677319,0.00765192,0.00245327,0.00287046,0.0129122,0.00555521,0,0.00534817,0.00495642,0.00538227,0.00580965,0.00460126,0.00443904,0.00519408,0.0132111,0.00657114,0,0.00578496,0.00598611,0.00624902,0.00642815,0.00527485,0.0124626,0.00717284,0,0.00639051,0.00641419,0.013347,0.00778449,0.00698911,0.00695782,0.00814062,0.00843821,0.00878247,0.00800561,0,0.00685511,0.00683763,0.00661612,0.00630631,0.00588523,0.00552473,0.00646381,0.00639716,0.00632211,0.00627193,0.00626587,0.00633036,0.00646709,0.00646744,0.00647923,0.00650584,0.00654557,0.00659318,0.00663803,0.00666736,0.00670172,0.00674003,0.0115142,0.0076262,0.00780254,0.00800128,0.00822883,0.0146631,0.0098381,0,0.00825662,0.00833437,0.00839148,0.00841956,0.00735731,0,0.00693552,0.00671093,0.00643487,0.0061021,0.00570792,0.00542742,0.00635116,0.00625188,0,0.00507876,0.00490462,0.00476786,0.00465549,0.00436669,0.00404556,0,0.447607
Roll 55,0,0,0,0,0,0,0,7.19293e-20,2.73531e-20,3.77549e-20,5.21122e-20,0,0.00663771,0.00749824,0.00240418,0.00281306,0.0126515,0.00544351,0,0.00524051,0.00485655,0.00527374,0.00569238,0.00450862,0.00434963,0.00508947,0.0129494,0.00643957,0,0.00566944,0.00586672,0.00612457,0.00630039,0.0051699,0.0122161,0.00703095,0,0.00626458,0.00628816,0.0130791,0.00763119,0.0068515,0.00682088,0.00798051,0.0082722,0.00860954,0.00784879,0,0.00672079,0.00670367,0.00648651,0.00618282,0.00577013,0.00541673,0.00633752,0.0062723,0.00619889,0.00614989,0.00614416,0.0062076,0.00634187,0.00634242,0.00635413,0.00638032,0.0064193,0.00646592,0.00650973,0.00653822,0.00657153,0.00660862,0.0112841,0.00747575,0.00764791,0.007842,0.00806432,0.0143647,0.00963935,0,0.00808897,0.00816465,0.00822017,0.00824728,0.00720669,0,0.00679322,0.00657304,0.00630247,0.00597636,0.00559012,0.00531522,0.00621979,0.0061224,0,0.00497341,0.00480286,0.00466897,0.00455905,0.00427643,0.00396224,0,0.458624
Roll 56,0,0,0,0,0,0,0,3.15249e-20,1.19882e-20,1.65471e-20,2.28396e-20,0,0.00650485,0.00734765,0.00235599,0.00275669,0.0123979,0.00533411,0,0.00513508,0.00475879,0.00516752,0.00557763,0.00441778,0.00426197,0.00498691,0.0126923,0.00631055,0,0.00555612,0.00574959,0.00600244,0.00617495,0.00506678,0.0119733,0.00689119,0,0.00614032,0.00616366,0.0128162,0.00747981,0.00671566,0.00668575,0.00782256,0.00810855,0.00843922,0.0076943,0,0.00658865,0.00657197,0.00635916,0.00606155,0.0056571,0.00531065,0.00621344,0.00614956,0.00607767,0.00602973,0.00602425,0.00608658,0.0062184,0.00621912,0.00623081,0.00625668,0.00629508,0.00634094,0.006384,0.00641197,0.0064446,0.00648084,0.0110594,0.00732969,0.007498,0.0076877,0.00790499,0.0140749,0.00944648,0,0.00792639,0.0079999,0.00805367,0.00807965,0.00706007,0,0.00665463,0.00643867,0.0061734,0.00585378,0.0054753,0.00520587,0.00609174,0.00599617,0,0.00487065,0.00470349,0.00457228,0.00446457,0.00418778,0.00388012,0,0.469413
Roll 57,0,0,0,0,0,0,0,1.38166e-20,5.25416e-21,7.25219e-21,1.001e-20,0,0.00637452,0.00720034,0.00230875,0.00270142,0.0121511,0.00522718,0,0.00503205,0.00466329,0.00506376,0.00546556,0.00432886,0.00417613,0.00488646,0.0124394,0.00618402,0,0.00544492,0.00563464,0.00588258,0.00605183,0.00496561,0.0117347,0.00675386,0,0.00601811,0.00604109,0.0125591,0.00733078,0.00658187,0.00655262,0.00766691,0.00794728,0.00827143,0.00754193,0,0.0064584,0.00644222,0.00623378,0.00594222,0.00554594,0.00520641,0.00609152,0.00602898,0.00595858,0.00591166,0.00590636,0.00596755,0.00609687,0.0060977,0.00610929,0.00613482,0.00617264,0.00621778,0.00626017,0.00628777,0.00631991,0.00635555,0.0108394,0.00718695,0.00735175,0.00753741,0.00775003,0.0137928,0.0092591,0,0.00776867,0.00784007,0.0078921,0.00791688,0.00691768,0,0.00651995,0.00630799,0.00604778,0.0057344,0.00536343,0.0050993,0.00596694,0.00587313,0,0.00477048,0.00460662,0.00447799,0.00437239,0.00410119,0.0037998,0,0.479979
Roll 58,0,0,0,0,0,0,0,6.0555e-21,2.30277e-21,3.17846e-21,4.38716e-21,0,0.00624675,0.00705631,0.00226248,0.00264727,0.0119105,0.0051227,0,0.00493147,0.00457009,0.00496251,0.00535624,0.00424197,0.00409225,0.00478828,0.012191,0.00606004,0,0.00533582,0.00552183,0.00576491,0.00593093,0.00486633,0.0115005,0.00661904,0,0.00589809,0.00592068,0.0123081,0.00718448,0.0064505,0.00642183,0.00751393,0.00778873,0.00810643,0.00739181,0,0.00633003,0.00631432,0.00611021,0.00582463,0.00543642,0.00510376,0.00597149,0.00591035,0.00584147,0.00579561,0.00579051,0.00585058,0.00597744,0.00597834,0.00598979,0.00601491,0.0060521,0.00609648,0.00613818,0.0061654,0.00619708,0.00623218,0.0106237,0.00704676,0.00720829,0.00739022,0.00759849,0.0135177,0.00907639,0,0.00761518,0.00768467,0.00773511,0.00775879,0.00677947,0,0.00638923,0.00618111,0.00592577,0.00561838,0.00525463,0.00499559,0.00584547,0.0057533,0,0.00467286,0.00451221,0.00438608,0.00428253,0.00401677,0.00372144,0,0.490326
Roll 59,0,0,0,0,0,0,0,2.65398e-21,1.00925e-21,1.39305e-21,1.92279e-21,0,0.00612163,0.00691546,0.00221718,0.00259426,0.0116751,0.00502055,0,0.00483321,0.00447907,0.00486367,0.00524955,0.00415717,0.00401038,0.00469242,0.0119474,0.00593871,0,0.00522893,0.00541123,0.0056495,0.00581227,0.00476892,0.0112706,0.00648671,0,0.00578028,0.00580248,0.012063,0.00704107,0.00632174,0.00629365,0.00736395,0.00763326,0.0079446,0.00724432,0,0.00620379,0.00618849,0.00598856,0.0057088,0.0053285,0.0050026,0.00585323,0.00579347,0.00572614,0.00568135,0.00567652,0.00573553,0.00586,0.005861,0.00587233,0.00589705,0.0059336,0.00597719,0.00601818,0.00604497,0.00607614,0.00611069,0.0104122,0.00690884,0.00706722,0.00724557,0.00744971,0.0132488,0.00889753,0,0.00746518,0.007533,0.00758207,0.00760484,0.00664503,0,0.00626221,0.00605788,0.00580729,0.00550573,0.00514899,0.00489485,0.00572745,0.00563683,0,0.0045779,0.00442031,0.00429657,0.00419499,0.0039345,0.00364507,0,0.500461
Roll 60,0,0,0,0,0,0,0,1.16318e-21,4.42331e-22,6.10539e-22,8.42713e-22,0,0.00599928,0.00677764,0.00217285,0.00254238,0.0114444,0.00492061,0,0.00473709,0.00439005,0.00476703,0.00514527,0.00407434,0.00393045,0.00459884,0.011709,0.0058201,0,0.00512435,0.00530298,0.00553646,0.00569597,0.00467344,0.011045,0.0063569,0,0.00566466,0.00568646,0.0118232,0.0069005,0.00619559,0.00616809,0.00721703,0.00748098,0.00778611,0.00709971,0,0.00607996,0.00606499,0.00586908,0.00559496,0.00522233,0.00490302,0.00573679,0.00567836,0.00561253,0.00556879,0.00556422,0.00562222,0.00574438,0.0057455,0.00575676,0.00578112,0.00581707,0.00585992,0.00590019,0.00592656,0.00595722,0.00599119,0.010205,0.00677323,0.00692851,0.00710335,0.00730345,0.0129859,0.00872206,0,0.00731814,0.00738447,0.00743237,0.00745443,0.00651377,0,0.00613835,0.00593786,0.005692,0.00539621,0.00504635,0.00479702,0.00561283,0.0055237,0,0.00448564,0.004331,0.00420956,0.00410984,0.00385443,0.00357071,0,0.510388
Roll 61,0,0,0,0,0,0,0,5.09794e-22,1.93863e-22,2.67585e-22,3.69341e-22,0,0.00587966,0.00664273,0.00212949,0.00249163,0.0112181,0.00482275,0,0.00464297,0.00430288,0.00467242,0.00504319,0.00399334,0.0038523,0.00450737,0.0114756,0.00570415,0,0.00502212,0.00519712,0.00542587,0.00558214,0.00457998,0.010824,0.0062297,0,0.0055513,0.00557266,0.0115883,0.0067627,0.00607195,0.00604506,0.00707308,0.00733181,0.00763089,0.00695805,0,0.00595865,0.00594396,0.00575196,0.00548331,0.00511812,0.00480522,0.00562239,0.00556519,0.00550076,0.005458,0.00545364,0.00551062,0.00563048,0.00563175,0.00564294,0.00566698,0.00570237,0.00574451,0.00578412,0.00581009,0.00584027,0.00587368,0.0100022,0.00664001,0.00679223,0.00696362,0.00715975,0.0127288,0.00854991,0,0.00717388,0.00723882,0.00728567,0.00730716,0.00638524,0,0.0060172,0.00582056,0.00557946,0.0052894,0.00494637,0.0047018,0.0055013,0.00541371,0,0.00439602,0.00424426,0.00412503,0.00402712,0.00377662,0.00349841,0,0.520113
Roll 62,0,0,0,0,0,0,0,2.23431e-22,8.49656e-23,1.17276e-22,1.61874e-22,0,0.00576266,0.00651067,0.00208707,0.00244198,0.0109963,0.00472694,0,0.00455078,0.00421749,0.00457972,0.00494319,0.00391404,0.0037758,0.00441785,0.0112471,0.0055907,0,0.00492212,0.00509359,0.00531772,0.00547081,0.00448857,0.0106077,0.0061052,0,0.00544028,0.00546118,0.0113581,0.00662765,0.00595077,0.00592448,0.00693199,0.00718562,0.00747881,0.00681925,0,0.00583982,0.00582541,0.00563723,0.00537392,0.00501599,0.00470933,0.0055102,0.00545416,0.00539103,0.00534916,0.00534495,0.00540087,0.00551843,0.00551978,0.00553087,0.00555457,0.0055894,0.00563086,0.00566984,0.00569544,0.00572517,0.00575806,0.00980375,0.00650915,0.0066584,0.00682642,0.00701867,0.0124773,0.00838111,0,0.00703239,0.00709599,0.00714186,0.00716285,0.00625924,0,0.00589846,0.00570568,0.0054693,0.00518494,0.00484864,0.00460883,0.00539246,0.00530648,0,0.00430876,0.00415986,0.00404285,0.00394672,0.00370102,0.00342818,0,0.529642
Roll 63,0,0,0,0,0,0,0,9.79243e-23,3.72384e-23,5.13994e-23,7.09454e-23,0,0.00564811,0.00638138,0.00204555,0.0023934,0.0107789,0.00463311,0,0.00446049,0.00413385,0.00448892,0.00484521,0.00383635,0.00370087,0.00433017,0.0110232,0.00547961,0,0.00482424,0.00499226,0.00521189,0.00536187,0.00439916,0.0103961,0.00598341,0,0.00533166,0.00535209,0.0111325,0.0064954,0.00583206,0.00580633,0.00679374,0.00704236,0.00732976,0.00668322,0,0.00572336,0.00570925,0.00552482,0.00526675,0.00491594,0.00461539,0.00540028,0.00534535,0.00528347,0.00524244,0.00523831,0.00529314,0.0054084,0.00540977,0.0054207,0.00544401,0.00547825,0.00551899,0.00555732,0.00558255,0.00561183,0.00564421,0.00960936,0.00638052,0.0065269,0.00669166,0.00688016,0.0122309,0.00821561,0,0.00689364,0.00695597,0.0070009,0.00702144,0.0061357,0,0.00578205,0.00559307,0.00536135,0.00508259,0.00475294,0.00451784,0.00528598,0.00520164,0,0.00422356,0.00407753,0.00396273,0.0038684,0.00362745,0.00335987,0,0.53898
Roll 64,0,0,0,0,0,0,0,4.29179e-23,1.63207e-23,2.25271e-23,3.10937e-23,0,0.0055359,0.00625476,0.00200491,0.00234584,0.0105657,0.00454122,0,0.00437206,0.00405191,0.00439996,0.00474921,0.00376026,0.00362747,0.00424428,0.0108038,0.00537078,0,0.00472836,0.00489301,0.00510824,0.00525519,0.00431164,0.010189,0.00586424,0,0.0052254,0.00524536,0.0109117,0.00636596,0.00571585,0.00569063,0.00665835,0.00690203,0.00718374,0.00654994,0,0.00560924,0.00559541,0.00541466,0.00516174,0.0048179,0.00452335,0.00529259,0.00523874,0.00517809,0.00513786,0.00513381,0.00518754,0.0053005,0.00530185,0.00531259,0.00533546,0.00536906,0.00540904,0.00544669,0.00547151,0.0055003,0.00553216,0.00941878,0.00625404,0.00639763,0.00655923,0.00674408,0.0119892,0.00805324,0,0.00675753,0.00681865,0.00686271,0.00688283,0.00601459,0,0.00566794,0.00548268,0.00525553,0.00498227,0.00465913,0.00442867,0.00518164,0.00509896,0,0.00414016,0.00399699,0.00388442,0.00379191,0.00355565,0.00329328,0,0.548133
Roll 65,0,0,0,0,0,0,0,1.88099e-23,7.15299e-24,9.87311e-24,1.36276e-23,0,0.00542597,0.0061307,0.00196511,0.00229926,0.0103565,0.00445118,0,0.0042854,0.00397162,0.00431279,0.00465514,0.00368573,0.00355557,0.00416015,0.0105889,0.00526416,0,0.00463443,0.00479578,0.00500671,0.0051507,0.00422593,0.0099863,0.00574758,0,0.00512139,0.00514091,0.0106953,0.00623928,0.00560211,0.00557737,0.00652581,0.00676464,0.00704075,0.00641943,0,0.00549745,0.00548388,0.00530673,0.00505883,0.00472183,0.00443316,0.00518705,0.00513427,0.00507483,0.0050354,0.00503142,0.00508407,0.00519477,0.00519609,0.00520661,0.00522903,0.00526196,0.00530117,0.00533808,0.00536245,0.00539072,0.00542201,0.00923186,0.00612975,0.00627058,0.00642907,0.00661036,0.011752,0.00789383,0,0.0066239,0.00668388,0.00672712,0.00674689,0.00589583,0,0.00555605,0.00537446,0.00515179,0.00488393,0.00456717,0.00434126,0.00507937,0.00499832,0,0.00405844,0.00391809,0.00380774,0.00371703,0.00348541,0.00322819,0,0.557105
Roll 66,0,0,0,0,0,0,0,8.24394e-24,3.13498e-24,4.32715e-24,5.97267e-24,0,0.00531828,0.00600911,0.00192611,0.00225363,0.0101511,0.00436292,0,0.00420046,0.00389291,0.00422732,0.00456291,0.00361269,0.00348511,0.00407771,0.0103785,0.00515972,0,0.00454242,0.00470054,0.00490724,0.00504834,0.00414196,0.00978776,0.00563331,0,0.00501954,0.00503865,0.0104833,0.00611525,0.00549075,0.0054665,0.00639607,0.00663014,0.00690076,0.00629166,0,0.005388,0.00537468,0.00520102,0.00495804,0.00462772,0.00434479,0.00508365,0.00503191,0.00497364,0.00493499,0.00493109,0.00498269,0.00509117,0.00509246,0.00510276,0.00512473,0.005157,0.00519542,0.0052316,0.00525549,0.00528322,0.0053139,0.00904855,0.00600772,0.00614581,0.00630123,0.006479,0.0115192,0.00773727,0,0.00649264,0.00655153,0.006594,0.00661346,0.00577927,0,0.00544627,0.00526829,0.00505006,0.0047875,0.00447701,0.00425557,0.00497911,0.00489966,0,0.00397834,0.00384076,0.00373258,0.00364366,0.0034166,0.00316445,0,0.565899
Roll 67,0,0,0,0,0,0,0,3.61312e-24,1.37399e-24,1.89649e-24,2.61768e-24,0,0.00521278,0.00588991,0.0018879,0.00220892,0.00994957,0.00427637,0,0.00411715,0.0038157,0.0041435,0.00447245,0.00354109,0.00341605,0.0039969,0.0101724,0.00505738,0,0.00445229,0.00460725,0.00480982,0.00494807,0.00405971,0.00959328,0.00552138,0,0.00491977,0.00493849,0.0102754,0.00599376,0.00538167,0.00535791,0.006269,0.00649842,0.00676367,0.00616658,0,0.00528085,0.00526777,0.00509754,0.00485935,0.00453557,0.00425824,0.00498237,0.00493165,0.00487452,0.00483662,0.00483278,0.00488335,0.00498966,0.00499092,0.00500101,0.00502253,0.00505415,0.0050918,0.00512726,0.00515066,0.00517784,0.00520791,0.00886884,0.00588803,0.00602341,0.00617578,0.00635007,0.0112909,0.00758359,0,0.00636376,0.00642157,0.00646328,0.00648245,0.00566482,0,0.00533848,0.00516409,0.00495021,0.00469289,0.00438857,0.00417152,0.00488078,0.00480292,0,0.00389981,0.00376495,0.00365891,0.00357174,0.00334917,0.00310199,0,0.57452
Roll 68,0,0,0,0,0,0,0,1.58355e-24,6.02187e-25,8.31185e-25,1.14727e-24,0,0.00510938,0.00577304,0.00185045,0.0021651,0.00975187,0.00419151,0,0.00403544,0.00373998,0.00406129,0.00438372,0.00347086,0.00334832,0.00391766,0.00997049,0.00495707,0,0.00436397,0.00451584,0.00471437,0.00484986,0.00397913,0.00940278,0.00541174,0,0.00482204,0.00484037,0.0100714,0.00587471,0.00527479,0.00525151,0.00614449,0.00636936,0.00662935,0.00604407,0,0.00517593,0.00516309,0.00499621,0.00476273,0.00444535,0.00417351,0.00488322,0.00483347,0.00477745,0.00474028,0.0047365,0.00478603,0.00489022,0.00489143,0.00490131,0.00492239,0.00495337,0.00499027,0.00502501,0.00504795,0.00507457,0.00510404,0.0086927,0.00577072,0.00590342,0.00605278,0.00622363,0.0110668,0.00743283,0,0.00623728,0.00629401,0.00633497,0.00635384,0.00555244,0,0.00523265,0.00506177,0.00485219,0.00460001,0.00430175,0.00408904,0.00478429,0.00470801,0,0.00382278,0.0036906,0.00358666,0.00350123,0.00328306,0.00304076,0,0.582971
Roll 69,0,0,0,0,0,0,0,6.94031e-25,2.63924e-25,3.64289e-25,5.0282e-25,0,0.00500802,0.00565845,0.00181374,0.00212214,0.00955803,0.00410831,0,0.00395533,0.00366573,0.00398065,0.00429668,0.00340199,0.00328188,0.00383994,0.00977257,0.00485872,0,0.0042774,0.00442625,0.00462084,0.00475362,0.00390019,0.00921615,0.00530433,0,0.00472631,0.00474426,0.00987143,0.00575806,0.00517005,0.00514722,0.00602247,0.00624288,0.00649771,0.00592404,0,0.00507313,0.00506053,0.00489697,0.00466811,0.00435701,0.00409055,0.00478614,0.00473735,0.00468242,0.00464596,0.00464222,0.00469074,0.00479283,0.00479399,0.00480365,0.0048243,0.00485465,0.00489079,0.00492483,0.0049473,0.00497338,0.00500226,0.00852005,0.00565576,0.00578583,0.00593223,0.00609971,0.0108471,0.00728501,0,0.00611325,0.00616889,0.0062091,0.00622765,0.00544216,0,0.00512876,0.00496132,0.00475594,0.00450881,0.00421651,0.00400806,0.00468957,0.00461484,0,0.00374718,0.00361765,0.00351579,0.00343206,0.00321821,0.00298072,0,0.591255
Roll 70,0,0,0,0,0,0,0,3.04177e-25,1.15672e-25,1.59659e-25,2.20374e-25,0,0.00490863,0.00554612,0.00177775,0.00208003,0.009368,0.00402673,0,0.00387678,0.00359292,0.00390159,0.00421134,0.00333445,0.00321673,0.00376371,0.00957854,0.00476229,0,0.00419252,0.00433842,0.00452915,0.0046593,0.00382281,0.00903328,0.00519907,0,0.00463252,0.0046501,0.00967538,0.00564375,0.0050674,0.00504502,0.00590289,0.00611892,0.00636869,0.0058064,0,0.00497239,0.00496004,0.00479972,0.0045754,0.00427046,0.00400929,0.00469105,0.00464322,0.00458935,0.0045536,0.0045499,0.00459744,0.00469747,0.00469859,0.00470803,0.00472823,0.00475795,0.00479336,0.0048267,0.0048487,0.00487425,0.00490254,0.0083508,0.0055431,0.0056706,0.0058141,0.00597825,0.0106316,0.00714011,0,0.00599165,0.00604622,0.00608566,0.00610389,0.00533398,0,0.00502684,0.00486276,0.0046615,0.00441931,0.00413283,0.00392856,0.00459657,0.00452337,0,0.00367296,0.00354603,0.00344622,0.00336417,0.00315459,0.00292182,0,0.599375
Roll 71,0,0,0,0,0,0,0,1.33314e-25,5.06962e-26,6.99749e-26,9.65847e-26,0,0.00481118,0.00543598,0.00174246,0.00203875,0.00918171,0.00394676,0,0.00379977,0.00352155,0.00382408,0.00412767,0.00326823,0.00315285,0.00368897,0.00938834,0.00466773,0,0.00410929,0.0042523,0.00443925,0.00456682,0.00374694,0.00885403,0.00509591,0,0.0045406,0.00455783,0.0094832,0.00553173,0.0049668,0.00494486,0.00578569,0.00599742,0.00624222,0.00569111,0,0.00487365,0.00486155,0.0047044,0.00448454,0.00418566,0.00392967,0.00459788,0.00455099,0.00449819,0.00446313,0.0044595,0.00450607,0.00460409,0.00460516,0.00461439,0.00463417,0.00466328,0.00469795,0.0047306,0.00475214,0.00477716,0.00480487,0.00818488,0.00543273,0.00555768,0.00569833,0.00585923,0.0104203,0.00699808,0,0.00587244,0.00592595,0.00596464,0.00598254,0.00522792,0,0.0049269,0.0047661,0.00456886,0.0043315,0.00405073,0.00385054,0.0045053,0.00443359,0,0.00360011,0.00347572,0.00337791,0.00329752,0.00309212,0.00286399,0,0.607335
Roll 72,0,0,0,0,0,0,0,5.84283e-26,2.2219e-26,3.06683e-26,4.23308e-26,0,0.00471563,0.005328,0.00170786,0.00199827,0.00899911,0.00386835,0,0.00372428,0.00345157,0.00374809,0.00404564,0.0032033,0.00309022,0.00361569,0.00920191,0.00457502,0,0.00402769,0.00416786,0.0043511,0.00447615,0.00367256,0.00867831,0.00499477,0,0.00445049,0.00446738,0.0092948,0.00542193,0.00486821,0.00484669,0.00567084,0.00587835,0.00611828,0.00557812,0,0.00477688,0.00476502,0.00461099,0.00439549,0.00410254,0.00385163,0.00450658,0.00446062,0.00440886,0.00437449,0.00437092,0.00441656,0.00451263,0.00451366,0.00452269,0.00454206,0.00457056,0.00460453,0.00463651,0.00465759,0.00468209,0.00470922,0.00802223,0.0053246,0.00544706,0.00558491,0.00574261,0.010213,0.00685885,0,0.0057556,0.00580806,0.00584599,0.00586356,0.00512394,0,0.00482891,0.00467132,0.00447802,0.00424539,0.00397021,0.00377401,0.00441577,0.0043455,0,0.00352861,0.00340671,0.00331087,0.0032321,0.00303081,0.00280723,0,0.615137
Roll 73,0,0,0,0,0,0,0,2.56077e-26,9.73804e-27,1.34412e-26,1.85526e-26,0,0.00462196,0.00522214,0.00167394,0.00195858,0.00882014,0.00379148,0,0.00365027,0.00338298,0.0036736,0.00396523,0.00313966,0.00302882,0.00354385,0.00901917,0.00448414,0,0.00394769,0.00408509,0.0042647,0.00438726,0.00359964,0.00850602,0.00489561,0,0.00436215,0.00437871,0.00911011,0.00531429,0.00477156,0.00475047,0.00555825,0.00576164,0.0059968,0.00546738,0,0.00468205,0.00467041,0.00451944,0.00430822,0.00402108,0.00377515,0.00441709,0.00437204,0.00432131,0.00428762,0.00428412,0.00432885,0.004423,0.00442401,0.00443285,0.00445182,0.00447975,0.00451303,0.00454435,0.004565,0.00458899,0.00461556,0.00786281,0.00521869,0.00533871,0.0054738,0.00562835,0.0100099,0.00672241,0,0.00564108,0.0056925,0.00572969,0.00574692,0.00502201,0,0.00473286,0.00457841,0.00438896,0.00416096,0.00389126,0.00369898,0.00432798,0.00425912,0,0.00345848,0.00333902,0.0032451,0.00316791,0.00297063,0.00275152,0,0.622784
Roll 74,0,0,0,0,0,0,0,1.12233e-26,4.26795e-27,5.89096e-27,8.13116e-27,0,0.00453014,0.00511837,0.00164068,0.00191967,0.00864475,0.00371613,0,0.00357771,0.00331573,0.00360057,0.00388641,0.00307726,0.00296862,0.00347342,0.00884004,0.00439505,0,0.00386927,0.00400394,0.00417999,0.00430013,0.00352815,0.00833712,0.0047984,0,0.00427554,0.00429178,0.00892906,0.00520877,0.00467681,0.00465614,0.00544788,0.00564723,0.00587772,0.00535884,0,0.00458909,0.00457769,0.00442972,0.00422268,0.00394125,0.0037002,0.00432939,0.00428523,0.00423551,0.00420248,0.00419905,0.00424289,0.00433517,0.00433616,0.00434482,0.00436341,0.00439078,0.00442338,0.00445408,0.0044743,0.0044978,0.00452383,0.00770656,0.00511496,0.00523257,0.00536496,0.00551643,0.00981086,0.00658871,0,0.00552887,0.00557926,0.00561571,0.0056326,0.0049221,0,0.0046387,0.00448733,0.00430165,0.00407819,0.00381387,0.00362541,0.0042419,0.00417442,0,0.00338972,0.00327264,0.0031806,0.00310495,0.00291161,0.00269686,0,0.63028
Roll 75,0,0,0,0,0,0,0,4.91889e-27,1.87054e-27,2.58187e-27,3.5637e-27,0,0.00444014,0.00501665,0.00160809,0.00188153,0.00847289,0.00364227,0,0.0035066,0.00324983,0.003529,0.00380915,0.00301609,0.00290962,0.00340439,0.00866444,0.00430772,0,0.0037924,0.0039244,0.00409696,0.00421472,0.00345807,0.00817154,0.0047031,0,0.00419063,0.00420655,0.00875159,0.00510532,0.00458392,0.00456366,0.00533968,0.00553507,0.00576098,0.00525243,0,0.00449797,0.00448679,0.00434176,0.00413884,0.003863,0.00362674,0.00424344,0.00420016,0.00415141,0.00411904,0.00411568,0.00415864,0.00424909,0.00425006,0.00425854,0.00427676,0.00430358,0.00433554,0.00436562,0.00438544,0.00440846,0.00443396,0.00755342,0.00501333,0.00512859,0.00525834,0.00540678,0.00961579,0.00645772,0,0.00541892,0.00546831,0.00550402,0.00552057,0.00482419,0,0.00454642,0.00439806,0.00421607,0.00399706,0.003738,0.00355329,0.00415753,0.00409139,0,0.0033223,0.00320755,0.00311735,0.00304321,0.00285372,0.00264325,0,0.637627
Roll 76,0,0,0,0,0,0,0,2.15583e-27,8.19815e-28,1.13157e-27,1.56188e-27,0,0.0043519,0.00491695,0.00157613,0.00184415,0.00830449,0.00356988,0,0.00343691,0.00318523,0.00345885,0.00373343,0.00295614,0.00285178,0.00333672,0.0084923,0.00422211,0,0.00371704,0.00384643,0.00401556,0.00413099,0.00338937,0.00800922,0.00460968,0,0.0041074,0.00412301,0.00857765,0.0050039,0.00449286,0.004473,0.00523361,0.00542512,0.00564654,0.00514811,0,0.00440864,0.00439769,0.00425554,0.00405666,0.0037863,0.00355473,0.00415919,0.00411676,0.00406899,0.00403727,0.00403397,0.00407608,0.00416473,0.00416567,0.00417399,0.00419184,0.00421813,0.00424945,0.00427893,0.00429835,0.00432091,0.0043459,0.00740333,0.00491374,0.0050267,0.00515387,0.00529935,0.00942462,0.00632937,0,0.0053112,0.00535959,0.00539459,0.00541079,0.00472826,0,0.004456,0.00431059,0.00413221,0.00391755,0.00366364,0.0034826,0.00407482,0.00401,0,0.00325621,0.00314375,0.00305534,0.00298269,0.00279697,0.00259069,0,0.644827
Roll 77,0,0,0,0,0,0,0,9.44851e-28,3.59306e-28,4.95941e-28,6.84537e-28,0,0.00426541,0.00481923,0.00154481,0.0018075,0.00813947,0.00349894,0,0.0033686,0.00312193,0.00339011,0.00365923,0.00289738,0.00279509,0.00327039,0.00832357,0.0041382,0,0.00364318,0.00376999,0.00393577,0.00404891,0.00332202,0.0078501,0.0045181,0,0.0040258,0.00404111,0.00840718,0.00490449,0.00440361,0.00438414,0.00512964,0.00531734,0.00553436,0.00504584,0,0.00432106,0.00431034,0.00417102,0.00397609,0.0037111,0.00348414,0.00407659,0.00403502,0.0039882,0.0039571,0.00395387,0.00399515,0.00408204,0.00408297,0.00409112,0.00410862,0.00413438,0.00416507,0.00419397,0.004213,0.00423511,0.0042596,0.00725622,0.00481615,0.00492686,0.00505149,0.00519408,0.00923729,0.0062036,0,0.00520565,0.00525307,0.00528736,0.00530323,0.00463426,0,0.00436741,0.00422487,0.00405004,0.00383964,0.00359077,0.00341333,0.00399377,0.00393024,0,0.00319144,0.00308121,0.00299456,0.00292335,0.00274133,0.00253916,0,0.651884
Roll 78,0,0,0,0,0,0,0,4.14106e-28,1.57475e-28,2.17359e-28,3.00016e-28,0,0.00418064,0.00472346,0.00151411,0.00177158,0.00797774,0.0034294,0,0.00330166,0.00305988,0.00332274,0.00358651,0.0028398,0.00273954,0.00320539,0.00815818,0.00405596,0,0.00357077,0.00369507,0.00385756,0.00396845,0.00325601,0.00769413,0.00442833,0,0.00394582,0.00396082,0.00824012,0.00480705,0.00431611,0.00429703,0.00502772,0.00521169,0.0054244,0.0049456,0,0.00423522,0.00422471,0.00408816,0.0038971,0.00363739,0.00341493,0.00399562,0.00395488,0.00390899,0.00387852,0.00387536,0.00391582,0.00400099,0.0040019,0.00400989,0.00402704,0.00405229,0.00408238,0.0041107,0.00412935,0.00415103,0.00417503,0.00711203,0.0047205,0.00482901,0.00495116,0.00509091,0.0090537,0.00608035,0,0.00510222,0.00514869,0.00518228,0.00519783,0.00454215,0,0.0042806,0.00414089,0.00396952,0.0037633,0.00351937,0.00334545,0.00391434,0.00385207,0,0.00312796,0.00301992,0.002935,0.0028652,0.0026868,0.00248865,0,0.658801
Roll 79,0,0,0,0,0,0,0,1.81493e-28,6.90176e-29,9.52635e-29,1.3149e-28,0,0.00409756,0.0046296,0.00148402,0.00173637,0.00781923,0.00336125,0,0.00323605,0.00299908,0.00325671,0.00351524,0.00278336,0.0026851,0.00314169,0.00799607,0.00397536,0,0.00349981,0.00362164,0.0037809,0.00388959,0.0031913,0.00754123,0.00434033,0,0.00386741,0.00388212,0.00807638,0.00471154,0.00423036,0.00421165,0.00492783,0.00510814,0.00531662,0.00484734,0,0.00415107,0.00414077,0.00400694,0.00381968,0.00356513,0.0033471,0.00391625,0.00387632,0.00383135,0.00380149,0.00379839,0.00383805,0.00392153,0.00392243,0.00393026,0.00394708,0.00397183,0.00400132,0.00402908,0.00404737,0.00406861,0.00409213,0.00697072,0.00462675,0.00473311,0.00485282,0.00498979,0.00887378,0.00595955,0,0.00500085,0.00504639,0.00507931,0.00509454,0.00445189,0,0.00419553,0.00405859,0.00389062,0.0036885,0.00344941,0.00327895,0.00383652,0.00377548,0,0.00306576,0.00295987,0.00287662,0.00280822,0.00263336,0.00243915,0,0.665581
Roll 80,0,0,0,0,0,0,0,7.9544e-29,3.02488e-29,4.17517e-29,5.7629e-29,0,0.00401614,0.0045376,0.00145453,0.00170186,0.00766389,0.00329446,0,0.00317175,0.00293949,0.003192,0.00344539,0.00272806,0.00263174,0.00307926,0.00783719,0.00389636,0,0.00343026,0.00354967,0.00370576,0.0038123,0.00312788,0.00739137,0.00425408,0,0.00379056,0.00380498,0.0079159,0.00461791,0.0041463,0.00412797,0.00482991,0.00500665,0.00521098,0.00475102,0,0.0040686,0.0040585,0.00392732,0.00374379,0.0034943,0.0032806,0.00383845,0.00379931,0.00375524,0.00372597,0.00372294,0.00376182,0.00384364,0.00384452,0.00385221,0.00386869,0.00389296,0.00392186,0.00394908,0.003967,0.00398782,0.00401088,0.00683222,0.00453487,0.00463911,0.00475645,0.00489069,0.00869747,0.00584116,0,0.00490151,0.00494613,0.00497839,0.00499331,0.00436344,0,0.00411216,0.00397794,0.00381331,0.0036152,0.00338086,0.00321378,0.00376027,0.00370043,0,0.00300481,0.00290102,0.00281943,0.00275237,0.00258099,0.00239064,0,0.672225
Roll 81,0,0,0,0,0,0,0,3.48623e-29,1.32573e-29,1.82988e-29,2.52574e-29,0,0.00393633,0.00444744,0.00142562,0.00166804,0.00751165,0.003229,0,0.00310872,0.00288108,0.00312858,0.00337693,0.00267385,0.00257945,0.00301807,0.00768146,0.00381894,0,0.0033621,0.00347913,0.00363212,0.00373654,0.00306573,0.00724449,0.00416954,0,0.00371523,0.00372937,0.00775861,0.00452615,0.0040639,0.00404594,0.00473394,0.00490716,0.00510744,0.00465662,0,0.00398775,0.00397786,0.00384929,0.0036694,0.00342487,0.00321542,0.00376219,0.00372383,0.00368063,0.00365195,0.00364898,0.00368708,0.00376729,0.00376815,0.00377569,0.00379185,0.00381564,0.00384397,0.00387065,0.00388822,0.00390863,0.00393124,0.00669648,0.00444481,0.00454698,0.00466198,0.00479356,0.00852468,0.00572513,0,0.00480415,0.00484788,0.00487949,0.00489411,0.00427675,0,0.00403047,0.00389891,0.00373754,0.00354336,0.00331368,0.00314991,0.00368554,0.00362689,0,0.00294509,0.00284336,0.00276338,0.00269766,0.00252968,0.0023431,0,0.678737
Roll 82,0,0,0,0,0,0,0,1.52793e-29,5.81038e-30,8.01993e-30,1.10697e-29,0,0.00385812,0.00435907,0.00139729,0.0016349,0.00736243,0.00316485,0,0.00304696,0.00282384,0.00306642,0.00330984,0.00262072,0.00252819,0.0029581,0.00752883,0.00374305,0,0.00329529,0.00341,0.00355995,0.00366229,0.00300481,0.00710053,0.00408669,0,0.0036414,0.00365526,0.00760446,0.00443621,0.00398315,0.00396554,0.00463987,0.00480965,0.00500595,0.00456409,0,0.00390852,0.00389882,0.00377281,0.00359649,0.00335682,0.00315153,0.00368743,0.00364984,0.0036075,0.00357939,0.00357648,0.00361383,0.00369244,0.00369329,0.00370068,0.00371652,0.00373984,0.00376762,0.00379376,0.00381099,0.003831,0.00385316,0.00656344,0.00435653,0.00445667,0.00456939,0.00469835,0.00835533,0.00561142,0,0.00470872,0.00475158,0.00478257,0.00479689,0.00419179,0,0.0039504,0.00382145,0.00366329,0.00347296,0.00324784,0.00308733,0.00361231,0.00355482,0,0.00288656,0.00278685,0.00270846,0.00264404,0.0024794,0.00229653,0,0.68512
Roll 83,0,0,0,0,0,0,0,6.69656e-30,2.54655e-30,3.51495e-30,4.8516e-30,0,0.00378146,0.00427246,0.00136953,0.00160241,0.00721618,0.00310197,0,0.00298642,0.00276774,0.0030055,0.00324408,0.00256865,0.00247796,0.00289933,0.00737923,0.00366868,0,0.00322982,0.00334224,0.00348921,0.00358952,0.0029451,0.00695944,0.00400548,0,0.00356904,0.00358262,0.00745337,0.00434806,0.003904,0.00388675,0.00454767,0.00471408,0.00490648,0.00447339,0,0.00383085,0.00382135,0.00369784,0.00352503,0.00329012,0.00308891,0.00361416,0.00357732,0.00353582,0.00350827,0.00350542,0.00354203,0.00361908,0.00361991,0.00362716,0.00364269,0.00366554,0.00369277,0.0037184,0.00373529,0.0037549,0.00377662,0.00643304,0.00426999,0.00436815,0.00447863,0.00460503,0.00818935,0.00549995,0,0.00461519,0.0046572,0.00468757,0.0047016,0.00410853,0,0.00387193,0.00374554,0.00359052,0.00340397,0.00318332,0.00302599,0.00354054,0.0034842,0,0.00282921,0.00273148,0.00265465,0.0025915,0.00243012,0.00225089,0,0.691376
Roll 84,0,0,0,0,0,0,0,2.93494e-30,1.11609e-30,1.54052e-30,2.12634e-30,0,0.00370632,0.00418758,0.00134232,0.00157057,0.00707283,0.00304034,0,0.00292709,0.00271275,0.00294579,0.00317963,0.00251762,0.00242873,0.00284173,0.0072326,0.00359579,0,0.00316564,0.00327584,0.00341988,0.0035182,0.00288658,0.00682115,0.00392589,0,0.00349812,0.00351143,0.0073053,0.00426166,0.00382643,0.00380952,0.00445731,0.00462041,0.00480899,0.00438451,0,0.00375473,0.00374541,0.00362436,0.00345498,0.00322474,0.00302753,0.00354235,0.00350623,0.00346556,0.00343856,0.00343577,0.00347165,0.00354717,0.00354799,0.00355509,0.00357031,0.00359271,0.0036194,0.00364452,0.00366108,0.00368031,0.0037016,0.00630523,0.00418517,0.00428137,0.00438967,0.00451356,0.00802667,0.0053907,0,0.00452352,0.00456469,0.00459446,0.00460821,0.00402692,0,0.00379502,0.00367114,0.00351919,0.00333635,0.00312008,0.00296588,0.00347021,0.00341498,0,0.002773,0.00267721,0.0026019,0.00254001,0.00238184,0.00220616,0,0.697508
Roll 85,0,0,0,0,0,0,0,1.28632e-30,4.89157e-31,6.75173e-31,9.31926e-31,0,0.00363268,0.00410438,0.00131565,0.00153937,0.00693232,0.00297994,0,0.00286894,0.00265886,0.00288726,0.00311647,0.0024676,0.00238048,0.00278527,0.0070889,0.00352435,0,0.00310275,0.00321075,0.00335193,0.00344829,0.00282922,0.00668561,0.00384788,0,0.00342862,0.00344166,0.00716016,0.00417698,0.0037504,0.00373382,0.00436874,0.00452861,0.00471344,0.00429738,0,0.00368012,0.00367099,0.00355234,0.00338633,0.00316067,0.00296737,0.00347196,0.00343656,0.0033967,0.00337023,0.0033675,0.00340267,0.00347669,0.00347749,0.00348445,0.00349937,0.00352133,0.00354749,0.00357211,0.00358834,0.00360719,0.00362806,0.00617996,0.00410202,0.00419632,0.00430246,0.00442389,0.00786721,0.00528361,0,0.00443366,0.00447402,0.00450319,0.00451667,0.00394693,0,0.00371963,0.00359822,0.00344929,0.00327008,0.0030581,0.00290696,0.00340128,0.00334714,0,0.00271792,0.00262403,0.00255021,0.00248955,0.00233452,0.00216233,0,0.703518
Roll 86,0,0,0,0,0,0,0,5.63762e-31,2.14386e-31,2.95912e-31,4.08441e-31,0,0.00356051,0.00402284,0.00128951,0.00150879,0.0067946,0.00292073,0,0.00281194,0.00260604,0.0028299,0.00305455,0.00241858,0.00233319,0.00272994,0.00694806,0.00345433,0,0.0030411,0.00314696,0.00328534,0.00337978,0.00277301,0.00655277,0.00377143,0,0.00336049,0.00337327,0.00701791,0.00409399,0.00367588,0.00365964,0.00428194,0.00443863,0.00461979,0.004212,0,0.003607,0.00359805,0.00348176,0.00331905,0.00309786,0.00290841,0.00340297,0.00336828,0.00332921,0.00330327,0.00330058,0.00333505,0.0034076,0.00340839,0.00341521,0.00342984,0.00345136,0.003477,0.00350114,0.00351704,0.00353551,0.00355597,0.00605718,0.00402052,0.00411295,0.00421698,0.004336,0.00771093,0.00517864,0,0.00434558,0.00438514,0.00441373,0.00442695,0.00386853,0,0.00364575,0.00352674,0.00338077,0.00320512,0.00299736,0.00284922,0.00333371,0.00328066,0,0.00266393,0.0025719,0.00249955,0.0024401,0.00228814,0.00211937,0,0.709408
Roll 87,0,0,0,0,0,0,0,2.47084e-31,9.39603e-32,1.29691e-31,1.7901e-31,0,0.00348977,0.00394292,0.00126389,0.00147881,0.00665961,0.00286271,0,0.00275608,0.00255426,0.00277368,0.00299387,0.00237053,0.00228684,0.0026757,0.00681001,0.0033857,0,0.00298068,0.00308444,0.00322006,0.00331263,0.00271792,0.00642258,0.00369649,0,0.00329372,0.00330625,0.00687848,0.00401265,0.00360285,0.00358692,0.00419686,0.00435044,0.004528,0.00412831,0,0.00353533,0.00352656,0.00341258,0.0032531,0.00303631,0.00285062,0.00333535,0.00330135,0.00326305,0.00323763,0.003235,0.00326878,0.00333989,0.00334066,0.00334735,0.00336169,0.00338278,0.00340791,0.00343157,0.00344716,0.00346526,0.00348532,0.00593684,0.00394064,0.00403123,0.0041332,0.00424985,0.00755774,0.00507576,0,0.00425925,0.00429802,0.00432605,0.004339,0.00379167,0,0.00357332,0.00345668,0.00331362,0.00314146,0.00293782,0.00279262,0.00326749,0.00321549,0,0.00261101,0.00252081,0.0024499,0.00239163,0.00224269,0.00207727,0,0.715182
Roll 88,0,0,0,0,0,0,0,1.08291e-31,4.11806e-32,5.68406e-32,7.84559e-32,0,0.00342044,0.00386458,0.00123878,0.00144943,0.0065273,0.00280583,0,0.00270132,0.00250352,0.00271858,0.00293439,0.00232343,0.0022414,0.00262254,0.00667471,0.00331844,0,0.00292146,0.00302316,0.00315609,0.00324682,0.00266392,0.00629497,0.00362305,0,0.00322828,0.00324056,0.00674183,0.00393292,0.00353127,0.00351566,0.00411348,0.004264,0.00443803,0.00404629,0,0.00346509,0.00345649,0.00334477,0.00318846,0.00297598,0.00279398,0.00326908,0.00323575,0.00319822,0.0031733,0.00317072,0.00320383,0.00327353,0.00327428,0.00328084,0.00329489,0.00331556,0.00334019,0.00336338,0.00337866,0.00339641,0.00341606,0.00581888,0.00386234,0.00395113,0.00405107,0.00416541,0.00740759,0.00497492,0,0.00417463,0.00421263,0.0042401,0.0042528,0.00371635,0,0.00350233,0.00338801,0.00324779,0.00307905,0.00287946,0.00273715,0.00320259,0.00315161,0,0.00255915,0.00247074,0.00240124,0.00234412,0.00219814,0.00203601,0,0.720841
Roll 89,0,0,0,0,0,0,0,4.74613e-32,1.80485e-32,2.49119e-32,3.43853e-32,0,0.00335249,0.0037878,0.00121417,0.00142063,0.00639762,0.00275009,0,0.00264765,0.00245378,0.00266457,0.00287609,0.00227727,0.00219687,0.00257044,0.0065421,0.00325251,0,0.00286342,0.00296309,0.00309339,0.00318231,0.00261099,0.00616991,0.00355107,0,0.00316414,0.00317617,0.00660788,0.00385478,0.00346111,0.00344581,0.00403175,0.00417928,0.00434986,0.00396589,0,0.00339624,0.00338782,0.00327832,0.00312511,0.00291685,0.00273847,0.00320413,0.00317146,0.00313467,0.00311025,0.00310772,0.00314017,0.00320848,0.00320922,0.00321565,0.00322942,0.00324968,0.00327382,0.00329655,0.00331152,0.00332892,0.00334818,0.00570328,0.0037856,0.00387262,0.00397058,0.00408265,0.00726043,0.00487607,0,0.00409169,0.00412894,0.00415586,0.00416831,0.00364251,0,0.00343275,0.0033207,0.00318327,0.00301788,0.00282226,0.00268277,0.00313896,0.00308901,0,0.00250831,0.00242166,0.00235354,0.00229755,0.00215448,0.00199556,0,0.726387
Roll 90,0,0,0,0,0,0,0,2.08012e-32,7.91022e-33,1.09183e-32,1.50703e-32,0,0.00328588,0.00371255,0.00119005,0.00139241,0.00627051,0.00269545,0,0.00259505,0.00240503,0.00261163,0.00281895,0.00223203,0.00215323,0.00251937,0.00641212,0.00318789,0,0.00280653,0.00290422,0.00303193,0.00311908,0.00255912,0.00604733,0.00348052,0,0.00310128,0.00311307,0.0064766,0.0037782,0.00339234,0.00337735,0.00395165,0.00409625,0.00426344,0.0038871,0,0.00332877,0.00332051,0.00321318,0.00306302,0.0028589,0.00268406,0.00314047,0.00310845,0.00307239,0.00304845,0.00304597,0.00307778,0.00314473,0.00314546,0.00315175,0.00316525,0.00318511,0.00320877,0.00323105,0.00324572,0.00326277,0.00328165,0.00558996,0.00371038,0.00379568,0.00389169,0.00400153,0.00711618,0.00477919,0,0.00401039,0.0040469,0.0040733,0.0040855,0.00357015,0,0.00336455,0.00325473,0.00312002,0.00295793,0.00276619,0.00262948,0.00307661,0.00302764,0,0.00245848,0.00237355,0.00230679,0.00225191,0.00211168,0.00195592,0,0.731823
Roll 91,0,0,0,0,0,0,0,9.11666e-33,3.46686e-33,4.78523e-33,6.60495e-33,0,0.0032206,0.00363879,0.0011664,0.00136475,0.00614592,0.0026419,0,0.00254349,0.00235724,0.00255974,0.00276294,0.00218769,0.00211045,0.00246932,0.00628473,0.00312456,0,0.00275077,0.00284652,0.00297169,0.00305712,0.00250828,0.00592718,0.00341137,0,0.00303966,0.00305122,0.00634793,0.00370313,0.00332494,0.00331025,0.00387314,0.00401487,0.00417873,0.00380987,0,0.00326263,0.00325453,0.00314934,0.00300216,0.0028021,0.00263073,0.00307807,0.00304669,0.00301135,0.00298788,0.00298545,0.00301663,0.00308225,0.00308296,0.00308913,0.00310236,0.00312182,0.00314501,0.00316685,0.00318123,0.00319794,0.00321645,0.0054789,0.00363665,0.00372026,0.00381436,0.00392202,0.00697479,0.00468424,0,0.00393071,0.0039665,0.00399237,0.00400433,0.00349921,0,0.00329771,0.00319007,0.00305804,0.00289916,0.00271123,0.00257724,0.00301548,0.00296749,0,0.00240964,0.0023264,0.00226096,0.00220718,0.00206973,0.00191707,0,0.737151
Roll 92,0,0,0,0,0,0,0,3.99562e-33,1.51944e-33,2.09725e-33,2.89479e-33,0,0.00315661,0.00356649,0.00114323,0.00133763,0.00602381,0.00258941,0,0.00249296,0.00231041,0.00250888,0.00270805,0.00214422,0.00206852,0.00242026,0.00615986,0.00306248,0,0.00269612,0.00278997,0.00291265,0.00299638,0.00245844,0.00580942,0.00334359,0,0.00297927,0.0029906,0.0062218,0.00362956,0.00325889,0.00324448,0.00379619,0.0039351,0.00409571,0.00373418,0,0.00319781,0.00318987,0.00308677,0.00294252,0.00274642,0.00257846,0.00301692,0.00298616,0.00295152,0.00292852,0.00292613,0.00295669,0.00302101,0.00302171,0.00302775,0.00304072,0.0030598,0.00308253,0.00310392,0.00311802,0.0031344,0.00315254,0.00537005,0.0035644,0.00364634,0.00373857,0.00384409,0.00683621,0.00459117,0,0.00385261,0.00388769,0.00391304,0.00392477,0.00342969,0,0.00323219,0.00312669,0.00299728,0.00284156,0.00265736,0.00252603,0.00295557,0.00290854,0,0.00236177,0.00228018,0.00221604,0.00216333,0.00202861,0.00187898,0,0.742374
Roll 93,0,0,0,0,0,0,0,1.75119e-33,6.65936e-34,9.19177e-34,1.26872e-33,0,0.0030939,0.00349563,0.00112052,0.00131106,0.00590413,0.00253796,0,0.00244343,0.00226451,0.00245904,0.00265425,0.00210162,0.00202742,0.00237217,0.00603748,0.00300163,0,0.00264256,0.00273454,0.00285478,0.00293685,0.0024096,0.005694,0.00327717,0,0.00292008,0.00293119,0.00609819,0.00355745,0.00319414,0.00318002,0.00372077,0.00385692,0.00401434,0.00365999,0,0.00313428,0.0031265,0.00302545,0.00288406,0.00269186,0.00252723,0.00295698,0.00292683,0.00289288,0.00287033,0.002868,0.00289795,0.00296099,0.00296167,0.0029676,0.0029803,0.002999,0.00302128,0.00304225,0.00305607,0.00307212,0.0030899,0.00526335,0.00349358,0.00357389,0.00366429,0.00376772,0.00670039,0.00449994,0,0.00377606,0.00381044,0.0038353,0.00384679,0.00336155,0,0.00316797,0.00306456,0.00293773,0.0027851,0.00260457,0.00247585,0.00289685,0.00285075,0,0.00231484,0.00223488,0.00217201,0.00212035,0.00198831,0.00184165,0,0.747492
Roll 94,0,0,0,0,0,0,0,7.67503e-34,2.91864e-34,4.02854e-34,5.5605e-34,0,0.00303243,0.00342618,0.00109826,0.00128501,0.00578682,0.00248754,0,0.00239488,0.00221952,0.00241018,0.00260151,0.00205986,0.00198714,0.00232504,0.00591753,0.002942,0,0.00259006,0.00268021,0.00279806,0.0028785,0.00236173,0.00558088,0.00321206,0,0.00286207,0.00287295,0.00597703,0.00348677,0.00313068,0.00311684,0.00364684,0.00378029,0.00393458,0.00358727,0,0.00307201,0.00306438,0.00296534,0.00282676,0.00263838,0.00247702,0.00289823,0.00286868,0.0028354,0.0028133,0.00281102,0.00284037,0.00290216,0.00290283,0.00290864,0.00292109,0.00293942,0.00296125,0.00298181,0.00299535,0.00301108,0.00302851,0.00515878,0.00342416,0.00350288,0.00359149,0.00369286,0.00656726,0.00441054,0,0.00370104,0.00373473,0.00375909,0.00377036,0.00329476,0,0.00310502,0.00300367,0.00287936,0.00272976,0.00255282,0.00242665,0.0028393,0.00279411,0,0.00226885,0.00219048,0.00212886,0.00207822,0.00194881,0.00180507,0,0.752509
Roll 95,0,0,0,0,0,0,0,3.36378e-34,1.27917e-34,1.76561e-34,2.43703e-34,0,0.00297218,0.00335811,0.00107644,0.00125948,0.00567184,0.00243812,0,0.0023473,0.00217542,0.00236229,0.00254982,0.00201894,0.00194766,0.00227885,0.00579996,0.00288354,0,0.0025386,0.00262696,0.00274247,0.00282131,0.0023148,0.00547,0.00314824,0,0.0028052,0.00281587,0.00585828,0.0034175,0.00306848,0.00305492,0.00357439,0.00370519,0.00385641,0.003516,0,0.00301097,0.0030035,0.00290642,0.0027706,0.00258596,0.00242781,0.00284065,0.00281168,0.00277907,0.00275741,0.00275517,0.00278394,0.0028445,0.00284516,0.00285085,0.00286305,0.00288102,0.00290242,0.00292256,0.00293584,0.00295126,0.00296833,0.00505628,0.00335613,0.00343328,0.00352013,0.00361948,0.00643678,0.0043229,0,0.0036275,0.00366053,0.0036844,0.00369544,0.00322929,0,0.00304333,0.00294399,0.00282215,0.00267553,0.0025021,0.00237844,0.00278288,0.00273859,0,0.00222377,0.00214695,0.00208656,0.00203693,0.00191009,0.0017692,0,0.757427
Roll 96,0,0,0,0,0,0,0,1.47427e-34,5.60631e-35,7.73826e-35,1.06809e-34,0,0.00291313,0.00329139,0.00105505,0.00123445,0.00555915,0.00238967,0,0.00230066,0.0021322,0.00231536,0.00249916,0.00197883,0.00190896,0.00223357,0.00568473,0.00282625,0,0.00248816,0.00257477,0.00268799,0.00276526,0.00226881,0.00536132,0.00308569,0,0.00274947,0.00275993,0.00574188,0.0033496,0.00300751,0.00299422,0.00350337,0.00363157,0.00377979,0.00344615,0,0.00295115,0.00294383,0.00284868,0.00271555,0.00253458,0.00237958,0.00278421,0.00275582,0.00272385,0.00270263,0.00270043,0.00272863,0.00278799,0.00278863,0.00279421,0.00280617,0.00282378,0.00284475,0.0028645,0.00287751,0.00289262,0.00290936,0.00495582,0.00328945,0.00336507,0.00345019,0.00354757,0.00630889,0.00423701,0,0.00355543,0.0035878,0.0036112,0.00362202,0.00316513,0,0.00298286,0.0028855,0.00276608,0.00262237,0.00245238,0.00233118,0.00272759,0.00268418,0,0.00217959,0.0021043,0.00204511,0.00199646,0.00187214,0.00173405,0,0.762246
Roll 97,0,0,0,0,0,0,0,6.46137e-35,2.45711e-35,3.3915e-35,4.68121e-35,0,0.00285525,0.003226,0.00103409,0.00120993,0.0054487,0.0023422,0,0.00225495,0.00208983,0.00226936,0.00244951,0.00193951,0.00187103,0.00218919,0.00557178,0.0027701,0,0.00243872,0.00252361,0.00263458,0.00271032,0.00222374,0.0052548,0.00302438,0,0.00269484,0.00270509,0.0056278,0.00328305,0.00294776,0.00293473,0.00343377,0.00355942,0.00370469,0.00337768,0,0.00289252,0.00288534,0.00279208,0.0026616,0.00248423,0.0023323,0.00272889,0.00270107,0.00266974,0.00264893,0.00264678,0.00267442,0.0027326,0.00273323,0.00273869,0.00275042,0.00276768,0.00278823,0.00280759,0.00282034,0.00283515,0.00285156,0.00485736,0.00322409,0.00329821,0.00338164,0.00347709,0.00618354,0.00415283,0,0.00348479,0.00351652,0.00353945,0.00355006,0.00310224,0,0.0029236,0.00282817,0.00271112,0.00257027,0.00240366,0.00228487,0.0026734,0.00263085,0,0.00213628,0.00206249,0.00200447,0.00195679,0.00183494,0.0016996,0,0.76697
Roll 98,0,0,0,0,0,0,0,2.83186e-35,1.07689e-35,1.48641e-35,2.05166e-35,0,0.00279852,0.0031619,0.00101354,0.00118589,0.00534044,0.00229566,0,0.00221015,0.00204831,0.00222427,0.00240084,0.00190097,0.00183386,0.0021457,0.00546108,0.00271506,0,0.00239027,0.00247347,0.00258224,0.00265647,0.00217956,0.0051504,0.0029643,0,0.0026413,0.00265135,0.00551599,0.00321782,0.0028892,0.00287642,0.00336555,0.0034887,0.00363109,0.00331057,0,0.00283505,0.00282801,0.00273661,0.00260872,0.00243487,0.00228596,0.00267468,0.00264741,0.00261669,0.0025963,0.00259419,0.00262129,0.00267831,0.00267892,0.00268428,0.00269577,0.00271269,0.00273284,0.00275181,0.00276431,0.00277882,0.0027949,0.00476085,0.00316004,0.00323268,0.00331445,0.003408,0.00606068,0.00407032,0,0.00341555,0.00344665,0.00346913,0.00347952,0.00304061,0,0.00286551,0.00277198,0.00265725,0.0025192,0.0023559,0.00223947,0.00262028,0.00257858,0,0.00209384,0.00202151,0.00196465,0.00191792,0.00179848,0.00166583,0,0.7716
Roll 99,0,0,0,0,0,0,0,1.24114e-35,4.71977e-36,6.5146e-36,8.99195e-36,0,0.00274292,0.00309908,0.000993404,0.00116233,0.00523434,0.00225005,0,0.00216624,0.00200761,0.00218008,0.00235314,0.00186321,0.00179742,0.00210307,0.00535258,0.00266112,0,0.00234278,0.00242433,0.00253093,0.00260369,0.00213625,0.00504807,0.0029054,0,0.00258883,0.00259867,0.00540639,0.00315389,0.00283179,0.00281928,0.00329868,0.00341939,0.00355895,0.0032448,0,0.00277872,0.00277183,0.00268224,0.00255689,0.00238649,0.00224054,0.00262154,0.00259481,0.00256471,0.00254472,0.00254265,0.00256921,0.00262509,0.0026257,0.00263095,0.00264222,0.00265879,0.00267854,0.00269714,0.00270939,0.00272362,0.00273937,0.00466627,0.00309726,0.00316846,0.0032486,0.00334029,0.00594027,0.00398945,0,0.00334769,0.00337817,0.0034002,0.00341039,0.00298019,0,0.00280858,0.0027169,0.00260446,0.00246914,0.00230909,0.00219497,0.00256822,0.00252735,0,0.00205224,0.00198134,0.00192561,0.00187981,0.00176275,0.00163273,0,0.776138
Roll 100,0,0,0,0,0,0,0,5.43962e-36,2.06856e-36,2.85519e-36,3.94096e-36,0,0.00268842,0.00303751,0.000973667,0.00113923,0.00513034,0.00220535,0,0.0021232,0.00196773,0.00213676,0.00230639,0.00182619,0.00176171,0.00206128,0.00524623,0.00260825,0,0.00229623,0.00237616,0.00248065,0.00255196,0.00209381,0.00494778,0.00284768,0,0.00253739,0.00254704,0.00529898,0.00309123,0.00277553,0.00276326,0.00323314,0.00335145,0.00348824,0.00318033,0,0.00272351,0.00271676,0.00262895,0.00250609,0.00233908,0.00219603,0.00256945,0.00254325,0.00251375,0.00249416,0.00249213,0.00251816,0.00257294,0.00257353,0.00257868,0.00258972,0.00260597,0.00262533,0.00264355,0.00265556,0.0026695,0.00268495,0.00457355,0.00303572,0.00310551,0.00318406,0.00327393,0.00582225,0.00391019,0,0.00328118,0.00331105,0.00333265,0.00334263,0.00292098,0,0.00275277,0.00266292,0.00255271,0.00242009,0.00226321,0.00215136,0.00251719,0.00247713,0,0.00201146,0.00194198,0.00188735,0.00184246,0.00172772,0.00160029,0,0.780585
